0	2047
1	2048
2	2049
3	2050
4	2051
5	2052
6	2053
7	2054
8	2055
9	2056
10	2057
11	2058
12	2059
13	2060
14	2061
15	2062
16	2063
17	2064
18	2065
19	2066
20	2067
21	2068
22	2069
23	2070
24	2071
25	2072
26	2073
27	2074
28	2075
29	2076
30	2077
31	2078
32	2079
33	2080
34	2081
35	2082
36	2083
37	2084
38	2085
39	2086
40	2087
41	2088
42	2089
43	2090
44	2091
45	2092
46	2093
47	2094
48	2095
49	2096
50	2097
51	2098
52	2099
53	2100
54	2101
55	2102
56	2103
57	2104
58	2105
59	2106
60	2107
61	2108
62	2109
63	2110
64	2111
65	2112
66	2113
67	2114
68	2115
69	2116
70	2117
71	2118
72	2119
73	2120
74	2121
75	2122
76	2123
77	2124
78	2125
79	2126
80	2127
81	2128
82	2129
83	2130
84	2131
85	2132
86	2133
87	2134
88	2135
89	2136
90	2137
91	2138
92	2139
93	2140
94	2141
95	2142
96	2143
97	2144
98	2145
99	2146
100	2147
101	2148
102	2149
103	2150
104	2151
105	2152
106	2153
107	2154
108	2155
109	2156
110	2157
111	2158
112	2159
113	2160
114	2161
115	2162
116	2163
117	2164
118	2165
119	2166
120	2167
121	2168
122	2169
123	2170
124	2171
125	2172
126	2173
127	2174
128	2175
129	2176
130	2177
131	2178
132	2179
133	2180
134	2181
135	2182
136	2183
137	2184
138	2185
139	2186
140	2187
141	2188
142	2189
143	2190
144	2191
145	2192
146	2193
147	2194
148	2195
149	2196
150	2197
151	2198
152	2199
153	2200
154	2201
155	2202
156	2203
157	2204
158	2205
159	2206
160	2207
161	2208
162	2209
163	2210
164	2211
165	2212
166	2213
167	2214
168	2215
169	2216
170	2217
171	2218
172	2219
173	2220
174	2221
175	2222
176	2223
177	2224
178	2225
179	2226
180	2227
181	2228
182	2229
183	2230
184	2231
185	2232
186	2233
187	2234
188	2235
189	2236
190	2237
191	2238
192	2239
193	2240
194	2241
195	2242
196	2243
197	2244
198	2245
199	2246
200	2247
201	2248
202	2249
203	2250
204	2251
205	2252
206	2253
207	2254
208	2255
209	2256
210	2257
211	2258
212	2259
213	2260
214	2261
215	2262
216	2263
217	2264
218	2265
219	2266
220	2267
221	2268
222	2269
223	2270
224	2271
225	2272
226	2273
227	2274
228	2275
229	2276
230	2277
231	2278
232	2279
233	2280
234	2281
235	2282
236	2283
237	2284
238	2285
239	2286
240	2287
241	2288
242	2289
243	2290
244	2291
245	2292
246	2293
247	2294
248	2295
249	2296
250	2297
251	2298
252	2299
253	2300
254	2301
255	2302
256	2303
257	2304
258	2305
259	2306
260	2307
261	2308
262	2309
263	2310
264	2311
265	2312
266	2313
267	2314
268	2315
269	2316
270	2317
271	2318
272	2319
273	2320
274	2321
275	2322
276	2323
277	2324
278	2325
279	2326
280	2327
281	2328
282	2329
283	2330
284	2331
285	2332
286	2333
287	2334
288	2335
289	2336
290	2337
291	2338
292	2339
293	2340
294	2341
295	2342
296	2343
297	2344
298	2345
299	2346
300	2347
301	2348
302	2349
303	2350
304	2351
305	2352
306	2353
307	2354
308	2355
309	2356
310	2357
311	2358
312	2359
313	2360
314	2361
315	2362
316	2363
317	2364
318	2365
319	2366
320	2367
321	2368
322	2369
323	2370
324	2371
325	2372
326	2373
327	2374
328	2375
329	2376
330	2377
331	2378
332	2379
333	2380
334	2381
335	2382
336	2383
337	2384
338	2385
339	2386
340	2387
341	2388
342	2389
343	2390
344	2391
345	2392
346	2393
347	2394
348	2395
349	2396
350	2397
351	2398
352	2399
353	2400
354	2401
355	2402
356	2403
357	2404
358	2405
359	2406
360	2407
361	2408
362	2409
363	2410
364	2411
365	2412
366	2413
367	2414
368	2415
369	2416
370	2417
371	2418
372	2419
373	2420
374	2421
375	2422
376	2423
377	2424
378	2425
379	2426
380	2427
381	2428
382	2429
383	2430
384	2431
385	2432
386	2433
387	2434
388	2435
389	2436
390	2437
391	2438
392	2439
393	2440
394	2441
395	2442
396	2443
397	2444
398	2445
399	2446
400	2447
401	2448
402	2449
403	2450
404	2451
405	2452
406	2453
407	2454
408	2455
409	2456
410	2457
411	2458
412	2459
413	2460
414	2461
415	2462
416	2463
417	2464
418	2465
419	2466
420	2467
421	2468
422	2469
423	2470
424	2471
425	2472
426	2473
427	2474
428	2475
429	2476
430	2477
431	2478
432	2479
433	2480
434	2481
435	2482
436	2483
437	2484
438	2485
439	2486
440	2487
441	2488
442	2489
443	2490
444	2491
445	2492
446	2493
447	2494
448	2495
449	2496
450	2497
451	2498
452	2499
453	2500
454	2501
455	2502
456	2503
457	2504
458	2505
459	2506
460	2507
461	2508
462	2509
463	2510
464	2511
465	2512
466	2513
467	2514
468	2515
469	2516
470	2517
471	2518
472	2519
473	2520
474	2521
475	2522
476	2523
477	2524
478	2525
479	2526
480	2527
481	2528
482	2529
483	2530
484	2531
485	2532
486	2533
487	2534
488	2535
489	2536
490	2537
491	2538
492	2539
493	2540
494	2541
495	2542
496	2543
497	2544
498	2545
499	2546
500	2547
501	2548
502	2549
503	2550
504	2551
505	2552
506	2553
507	2554
508	2555
509	2556
510	2557
511	2558
512	2559
513	2560
514	2561
515	2562
516	2563
517	2564
518	2565
519	2566
520	2567
521	2568
522	2569
523	2570
524	2571
525	2572
526	2573
527	2574
528	2575
529	2576
530	2577
531	2578
532	2579
533	2580
534	2581
535	2582
536	2583
537	2584
538	2585
539	2586
540	2587
541	2588
542	2589
543	2590
544	2591
545	2592
546	2593
547	2594
548	2595
549	2596
550	2597
551	2598
552	2599
553	2600
554	2601
555	2602
556	2603
557	2604
558	2605
559	2606
560	2607
561	2608
562	2609
563	2610
564	2611
565	2612
566	2613
567	2614
568	2615
569	2616
570	2617
571	2618
572	2619
573	2620
574	2621
575	2622
576	2623
577	2624
578	2625
579	2626
580	2627
581	2628
582	2629
583	2630
584	2631
585	2632
586	2633
587	2634
588	2635
589	2636
590	2637
591	2638
592	2639
593	2640
594	2641
595	2642
596	2643
597	2644
598	2645
599	2646
600	2647
601	2648
602	2649
603	2650
604	2651
605	2652
606	2653
607	2654
608	2655
609	2656
610	2657
611	2658
612	2659
613	2660
614	2661
615	2662
616	2663
617	2664
618	2665
619	2666
620	2667
621	2668
622	2669
623	2670
624	2671
625	2672
626	2673
627	2674
628	2675
629	2676
630	2677
631	2678
632	2679
633	2680
634	2681
635	2682
636	2683
637	2684
638	2685
639	2686
640	2687
641	2688
642	2689
643	2690
644	2691
645	2692
646	2693
647	2694
648	2695
649	2696
650	2697
651	2698
652	2699
653	2700
654	2701
655	2702
656	2703
657	2704
658	2705
659	2706
660	2707
661	2708
662	2709
663	2710
664	2711
665	2712
666	2713
667	2714
668	2715
669	2716
670	2717
671	2718
672	2719
673	2720
674	2721
675	2722
676	2723
677	2724
678	2725
679	2726
680	2727
681	2728
682	2729
683	2730
684	2731
685	2732
686	2733
687	2734
688	2735
689	2736
690	2737
691	2738
692	2739
693	2740
694	2741
695	2742
696	2743
697	2744
698	2745
699	2746
700	2747
701	2748
702	2749
703	2750
704	2751
705	2752
706	2753
707	2754
708	2755
709	2756
710	2757
711	2758
712	2759
713	2760
714	2761
715	2762
716	2763
717	2764
718	2765
719	2766
720	2767
721	2768
722	2769
723	2770
724	2771
725	2772
726	2773
727	2774
728	2775
729	2776
730	2777
731	2778
732	2779
733	2780
734	2781
735	2782
736	2783
737	2784
738	2785
739	2786
740	2787
741	2788
742	2789
743	2790
744	2791
745	2792
746	2793
747	2794
748	2795
749	2796
750	2797
751	2798
752	2799
753	2800
754	2801
755	2802
756	2803
757	2804
758	2805
759	2806
760	2807
761	2808
762	2809
763	2810
764	2811
765	2812
766	2813
767	2814
768	2815
769	2816
770	2817
771	2818
772	2819
773	2820
774	2821
775	2822
776	2823
777	2824
778	2825
779	2826
780	2827
781	2828
782	2829
783	2830
784	2831
785	2832
786	2833
787	2834
788	2835
789	2836
790	2837
791	2838
792	2839
793	2840
794	2841
795	2842
796	2843
797	2844
798	2845
799	2846
800	2847
801	2848
802	2849
803	2850
804	2851
805	2852
806	2853
807	2854
808	2855
809	2856
810	2857
811	2858
812	2859
813	2860
814	2861
815	2862
816	2863
817	2864
818	2865
819	2866
820	2867
821	2868
822	2869
823	2870
824	2871
825	2872
826	2873
827	2874
828	2875
829	2876
830	2877
831	2878
832	2879
833	2880
834	2881
835	2882
836	2883
837	2884
838	2885
839	2886
840	2887
841	2888
842	2889
843	2890
844	2891
845	2892
846	2893
847	2894
848	2895
849	2896
850	2897
851	2898
852	2899
853	2900
854	2901
855	2902
856	2903
857	2904
858	2905
859	2906
860	2907
861	2908
862	2909
863	2910
864	2911
865	2912
866	2913
867	2914
868	2915
869	2916
870	2917
871	2918
872	2919
873	2920
874	2921
875	2922
876	2923
877	2924
878	2925
879	2926
880	2927
881	2928
882	2929
883	2930
884	2931
885	2932
886	2933
887	2934
888	2935
889	2936
890	2937
891	2938
892	2939
893	2940
894	2941
895	2942
896	2943
897	2944
898	2945
899	2946
900	2947
901	2948
902	2949
903	2950
904	2951
905	2952
906	2953
907	2954
908	2955
909	2956
910	2957
911	2958
912	2959
913	2960
914	2961
915	2962
916	2963
917	2964
918	2965
919	2966
920	2967
921	2968
922	2969
923	2970
924	2971
925	2972
926	2973
927	2974
928	2975
929	2976
930	2977
931	2978
932	2979
933	2980
934	2981
935	2982
936	2983
937	2984
938	2985
939	2986
940	2987
941	2988
942	2989
943	2990
944	2991
945	2992
946	2993
947	2994
948	2995
949	2996
950	2997
951	2998
952	2999
953	3000
954	3001
955	3002
956	3003
957	3004
958	3005
959	3006
960	3007
961	3008
962	3009
963	3010
964	3011
965	3012
966	3013
967	3014
968	3015
969	3016
970	3017
971	3018
972	3019
973	3020
974	3021
975	3022
976	3023
977	3024
978	3025
979	3026
980	3027
981	3028
982	3029
983	3030
984	3031
985	3032
986	3033
987	3034
988	3035
989	3036
990	3037
991	3038
992	3039
993	3040
994	3041
995	3042
996	3043
997	3044
998	3045
999	3046
1000	3047
1001	3048
1002	3049
1003	3050
1004	3051
1005	3052
1006	3053
1007	3054
1008	3055
1009	3056
1010	3057
1011	3058
1012	3059
1013	3060
1014	3061
1015	3062
1016	3063
1017	3064
1018	3065
1019	3066
1020	3067
1021	3068
1022	3069
1023	3070
1024	3071
1025	3072
1026	3073
1027	3074
1028	3075
1029	3076
1030	3077
1031	3078
1032	3079
1033	3080
1034	3081
1035	3082
1036	3083
1037	3084
1038	3085
1039	3086
1040	3087
1041	3088
1042	3089
1043	3090
1044	3091
1045	3092
1046	3093
1047	3094
1048	3095
1049	3096
1050	3097
1051	3098
1052	3099
1053	3100
1054	3101
1055	3102
1056	3103
1057	3104
1058	3105
1059	3106
1060	3107
1061	3108
1062	3109
1063	3110
1064	3111
1065	3112
1066	3113
1067	3114
1068	3115
1069	3116
1070	3117
1071	3118
1072	3119
1073	3120
1074	3121
1075	3122
1076	3123
1077	3124
1078	3125
1079	3126
1080	3127
1081	3128
1082	3129
1083	3130
1084	3131
1085	3132
1086	3133
1087	3134
1088	3135
1089	3136
1090	3137
1091	3138
1092	3139
1093	3140
1094	3141
1095	3142
1096	3143
1097	3144
1098	3145
1099	3146
1100	3147
1101	3148
1102	3149
1103	3150
1104	3151
1105	3152
1106	3153
1107	3154
1108	3155
1109	3156
1110	3157
1111	3158
1112	3159
1113	3160
1114	3161
1115	3162
1116	3163
1117	3164
1118	3165
1119	3166
1120	3167
1121	3168
1122	3169
1123	3170
1124	3171
1125	3172
1126	3173
1127	3174
1128	3175
1129	3176
1130	3177
1131	3178
1132	3179
1133	3180
1134	3181
1135	3182
1136	3183
1137	3184
1138	3185
1139	3186
1140	3187
1141	3188
1142	3189
1143	3190
1144	3191
1145	3192
1146	3193
1147	3194
1148	3195
1149	3196
1150	3197
1151	3198
1152	3199
1153	3200
1154	3201
1155	3202
1156	3203
1157	3204
1158	3205
1159	3206
1160	3207
1161	3208
1162	3209
1163	3210
1164	3211
1165	3212
1166	3213
1167	3214
1168	3215
1169	3216
1170	3217
1171	3218
1172	3219
1173	3220
1174	3221
1175	3222
1176	3223
1177	3224
1178	3225
1179	3226
1180	3227
1181	3228
1182	3229
1183	3230
1184	3231
1185	3232
1186	3233
1187	3234
1188	3235
1189	3236
1190	3237
1191	3238
1192	3239
1193	3240
1194	3241
1195	3242
1196	3243
1197	3244
1198	3245
1199	3246
1200	3247
1201	3248
1202	3249
1203	3250
1204	3251
1205	3252
1206	3253
1207	3254
1208	3255
1209	3256
1210	3257
1211	3258
1212	3259
1213	3260
1214	3261
1215	3262
1216	3263
1217	3264
1218	3265
1219	3266
1220	3267
1221	3268
1222	3269
1223	3270
1224	3271
1225	3272
1226	3273
1227	3274
1228	3275
1229	3276
1230	3277
1231	3278
1232	3279
1233	3280
1234	3281
1235	3282
1236	3283
1237	3284
1238	3285
1239	3286
1240	3287
1241	3288
1242	3289
1243	3290
1244	3291
1245	3292
1246	3293
1247	3294
1248	3295
1249	3296
1250	3297
1251	3298
1252	3299
1253	3300
1254	3301
1255	3302
1256	3303
1257	3304
1258	3305
1259	3306
1260	3307
1261	3308
1262	3309
1263	3310
1264	3311
1265	3312
1266	3313
1267	3314
1268	3315
1269	3316
1270	3317
1271	3318
1272	3319
1273	3320
1274	3321
1275	3322
1276	3323
1277	3324
1278	3325
1279	3326
1280	3327
1281	3328
1282	3329
1283	3330
1284	3331
1285	3332
1286	3333
1287	3334
1288	3335
1289	3336
1290	3337
1291	3338
1292	3339
1293	3340
1294	3341
1295	3342
1296	3343
1297	3344
1298	3345
1299	3346
1300	3347
1301	3348
1302	3349
1303	3350
1304	3351
1305	3352
1306	3353
1307	3354
1308	3355
1309	3356
1310	3357
1311	3358
1312	3359
1313	3360
1314	3361
1315	3362
1316	3363
1317	3364
1318	3365
1319	3366
1320	3367
1321	3368
1322	3369
1323	3370
1324	3371
1325	3372
1326	3373
1327	3374
1328	3375
1329	3376
1330	3377
1331	3378
1332	3379
1333	3380
1334	3381
1335	3382
1336	3383
1337	3384
1338	3385
1339	3386
1340	3387
1341	3388
1342	3389
1343	3390
1344	3391
1345	3392
1346	3393
1347	3394
1348	3395
1349	3396
1350	3397
1351	3398
1352	3399
1353	3400
1354	3401
1355	3402
1356	3403
1357	3404
1358	3405
1359	3406
1360	3407
1361	3408
1362	3409
1363	3410
1364	3411
1365	3412
1366	3413
1367	3414
1368	3415
1369	3416
1370	3417
1371	3418
1372	3419
1373	3420
1374	3421
1375	3422
1376	3423
1377	3424
1378	3425
1379	3426
1380	3427
1381	3428
1382	3429
1383	3430
1384	3431
1385	3432
1386	3433
1387	3434
1388	3435
1389	3436
1390	3437
1391	3438
1392	3439
1393	3440
1394	3441
1395	3442
1396	3443
1397	3444
1398	3445
1399	3446
1400	3447
1401	3448
1402	3449
1403	3450
1404	3451
1405	3452
1406	3453
1407	3454
1408	3455
1409	3456
1410	3457
1411	3458
1412	3459
1413	3460
1414	3461
1415	3462
1416	3463
1417	3464
1418	3465
1419	3466
1420	3467
1421	3468
1422	3469
1423	3470
1424	3471
1425	3472
1426	3473
1427	3474
1428	3475
1429	3476
1430	3477
1431	3478
1432	3479
1433	3480
1434	3481
1435	3482
1436	3483
1437	3484
1438	3485
1439	3486
1440	3487
1441	3488
1442	3489
1443	3490
1444	3491
1445	3492
1446	3493
1447	3494
1448	3495
1449	3496
1450	3497
1451	3498
1452	3499
1453	3500
1454	3501
1455	3502
1456	3503
1457	3504
1458	3505
1459	3506
1460	3507
1461	3508
1462	3509
1463	3510
1464	3511
1465	3512
1466	3513
1467	3514
1468	3515
1469	3516
1470	3517
1471	3518
1472	3519
1473	3520
1474	3521
1475	3522
1476	3523
1477	3524
1478	3525
1479	3526
1480	3527
1481	3528
1482	3529
1483	3530
1484	3531
1485	3532
1486	3533
1487	3534
1488	3535
1489	3536
1490	3537
1491	3538
1492	3539
1493	3540
1494	3541
1495	3542
1496	3543
1497	3544
1498	3545
1499	3546
1500	3547
1501	3548
1502	3549
1503	3550
1504	3551
1505	3552
1506	3553
1507	3554
1508	3555
1509	3556
1510	3557
1511	3558
1512	3559
1513	3560
1514	3561
1515	3562
1516	3563
1517	3564
1518	3565
1519	3566
1520	3567
1521	3568
1522	3569
1523	3570
1524	3571
1525	3572
1526	3573
1527	3574
1528	3575
1529	3576
1530	3577
1531	3578
1532	3579
1533	3580
1534	3581
1535	3582
1536	3583
1537	3584
1538	3585
1539	3586
1540	3587
1541	3588
1542	3589
1543	3590
1544	3591
1545	3592
1546	3593
1547	3594
1548	3595
1549	3596
1550	3597
1551	3598
1552	3599
1553	3600
1554	3601
1555	3602
1556	3603
1557	3604
1558	3605
1559	3606
1560	3607
1561	3608
1562	3609
1563	3610
1564	3611
1565	3612
1566	3613
1567	3614
1568	3615
1569	3616
1570	3617
1571	3618
1572	3619
1573	3620
1574	3621
1575	3622
1576	3623
1577	3624
1578	3625
1579	3626
1580	3627
1581	3628
1582	3629
1583	3630
1584	3631
1585	3632
1586	3633
1587	3634
1588	3635
1589	3636
1590	3637
1591	3638
1592	3639
1593	3640
1594	3641
1595	3642
1596	3643
1597	3644
1598	3645
1599	3646
1600	3647
1601	3648
1602	3649
1603	3650
1604	3651
1605	3652
1606	3653
1607	3654
1608	3655
1609	3656
1610	3657
1611	3658
1612	3659
1613	3660
1614	3661
1615	3662
1616	3663
1617	3664
1618	3665
1619	3666
1620	3667
1621	3668
1622	3669
1623	3670
1624	3671
1625	3672
1626	3673
1627	3674
1628	3675
1629	3676
1630	3677
1631	3678
1632	3679
1633	3680
1634	3681
1635	3682
1636	3683
1637	3684
1638	3685
1639	3686
1640	3687
1641	3688
1642	3689
1643	3690
1644	3691
1645	3692
1646	3693
1647	3694
1648	3695
1649	3696
1650	3697
1651	3698
1652	3699
1653	3700
1654	3701
1655	3702
1656	3703
1657	3704
1658	3705
1659	3706
1660	3707
1661	3708
1662	3709
1663	3710
1664	3711
1665	3712
1666	3713
1667	3714
1668	3715
1669	3716
1670	3717
1671	3718
1672	3719
1673	3720
1674	3721
1675	3722
1676	3723
1677	3724
1678	3725
1679	3726
1680	3727
1681	3728
1682	3729
1683	3730
1684	3731
1685	3732
1686	3733
1687	3734
1688	3735
1689	3736
1690	3737
1691	3738
1692	3739
1693	3740
1694	3741
1695	3742
1696	3743
1697	3744
1698	3745
1699	3746
1700	3747
1701	3748
1702	3749
1703	3750
1704	3751
1705	3752
1706	3753
1707	3754
1708	3755
1709	3756
1710	3757
1711	3758
1712	3759
1713	3760
1714	3761
1715	3762
1716	3763
1717	3764
1718	3765
1719	3766
1720	3767
1721	3768
1722	3769
1723	3770
1724	3771
1725	3772
1726	3773
1727	3774
1728	3775
1729	3776
1730	3777
1731	3778
1732	3779
1733	3780
1734	3781
1735	3782
1736	3783
1737	3784
1738	3785
1739	3786
1740	3787
1741	3788
1742	3789
1743	3790
1744	3791
1745	3792
1746	3793
1747	3794
1748	3795
1749	3796
1750	3797
1751	3798
1752	3799
1753	3800
1754	3801
1755	3802
1756	3803
1757	3804
1758	3805
1759	3806
1760	3807
1761	3808
1762	3809
1763	3810
1764	3811
1765	3812
1766	3813
1767	3814
1768	3815
1769	3816
1770	3817
1771	3818
1772	3819
1773	3820
1774	3821
1775	3822
1776	3823
1777	3824
1778	3825
1779	3826
1780	3827
1781	3828
1782	3829
1783	3830
1784	3831
1785	3832
1786	3833
1787	3834
1788	3835
1789	3836
1790	3837
1791	3838
1792	3839
1793	3840
1794	3841
1795	3842
1796	3843
1797	3844
1798	3845
1799	3846
1800	3847
1801	3848
1802	3849
1803	3850
1804	3851
1805	3852
1806	3853
1807	3854
1808	3855
1809	3856
1810	3857
1811	3858
1812	3859
1813	3860
1814	3861
1815	3862
1816	3863
1817	3864
1818	3865
1819	3866
1820	3867
1821	3868
1822	3869
1823	3870
1824	3871
1825	3872
1826	3873
1827	3874
1828	3875
1829	3876
1830	3877
1831	3878
1832	3879
1833	3880
1834	3881
1835	3882
1836	3883
1837	3884
1838	3885
1839	3886
1840	3887
1841	3888
1842	3889
1843	3890
1844	3891
1845	3892
1846	3893
1847	3894
1848	3895
1849	3896
1850	3897
1851	3898
1852	3899
1853	3900
1854	3901
1855	3902
1856	3903
1857	3904
1858	3905
1859	3906
1860	3907
1861	3908
1862	3909
1863	3910
1864	3911
1865	3912
1866	3913
1867	3914
1868	3915
1869	3916
1870	3917
1871	3918
1872	3919
1873	3920
1874	3921
1875	3922
1876	3923
1877	3924
1878	3925
1879	3926
1880	3927
1881	3928
1882	3929
1883	3930
1884	3931
1885	3932
1886	3933
1887	3934
1888	3935
1889	3936
1890	3937
1891	3938
1892	3939
1893	3940
1894	3941
1895	3942
1896	3943
1897	3944
1898	3945
1899	3946
1900	3947
1901	3948
1902	3949
1903	3950
1904	3951
1905	3952
1906	3953
1907	3954
1908	3955
1909	3956
1910	3957
1911	3958
1912	3959
1913	3960
1914	3961
1915	3962
1916	3963
1917	3964
1918	3965
1919	3966
1920	3967
1921	3968
1922	3969
1923	3970
1924	3971
1925	3972
1926	3973
1927	3974
1928	3975
1929	3976
1930	3977
1931	3978
1932	3979
1933	3980
1934	3981
1935	3982
1936	3983
1937	3984
1938	3985
1939	3986
1940	3987
1941	3988
1942	3989
1943	3990
1944	3991
1945	3992
1946	3993
1947	3994
1948	3995
1949	3996
1950	3997
1951	3998
1952	3999
1953	4000
1954	4001
1955	4002
1956	4003
1957	4004
1958	4005
1959	4006
1960	4007
1961	4008
1962	4009
1963	4010
1964	4011
1965	4012
1966	4013
1967	4014
1968	4015
1969	4016
1970	4017
1971	4018
1972	4019
1973	4020
1974	4021
1975	4022
1976	4023
1977	4024
1978	4025
1979	4026
1980	4027
1981	4028
1982	4029
1983	4030
1984	4031
1985	4032
1986	4033
1987	4034
1988	4035
1989	4036
1990	4037
1991	4038
1992	4039
1993	4040
1994	4041
1995	4042
1996	4043
1997	4044
1998	4045
1999	4046
2000	4047
2001	4048
2002	4049
2003	4050
2004	4051
2005	4052
2006	4053
2007	4054
2008	4055
2009	4056
2010	4057
2011	4058
2012	4059
2013	4060
2014	4061
2015	4062
2016	4063
2017	4064
2018	4065
2019	4066
2020	4067
2021	4068
2022	4069
2023	4070
2024	4071
2025	4072
2026	4073
2027	4074
2028	4075
2029	4076
2030	4077
2031	4078
2032	4079
2033	4080
2034	4081
2035	4082
2036	4083
2037	4084
2038	4085
2039	4086
2040	4087
2041	4088
2042	4089
2043	4090
2044	4091
2045	4092
2046	4093
2047	4094
2048	4095
2049	0
2050	1
2051	2
2052	3
2053	4
2054	5
2055	6
2056	7
2057	8
2058	9
2059	10
2060	11
2061	12
2062	13
2063	14
2064	15
2065	16
2066	17
2067	18
2068	19
2069	20
2070	21
2071	22
2072	23
2073	24
2074	25
2075	26
2076	27
2077	28
2078	29
2079	30
2080	31
2081	32
2082	33
2083	34
2084	35
2085	36
2086	37
2087	38
2088	39
2089	40
2090	41
2091	42
2092	43
2093	44
2094	45
2095	46
2096	47
2097	48
2098	49
2099	50
2100	51
2101	52
2102	53
2103	54
2104	55
2105	56
2106	57
2107	58
2108	59
2109	60
2110	61
2111	62
2112	63
2113	64
2114	65
2115	66
2116	67
2117	68
2118	69
2119	70
2120	71
2121	72
2122	73
2123	74
2124	75
2125	76
2126	77
2127	78
2128	79
2129	80
2130	81
2131	82
2132	83
2133	84
2134	85
2135	86
2136	87
2137	88
2138	89
2139	90
2140	91
2141	92
2142	93
2143	94
2144	95
2145	96
2146	97
2147	98
2148	99
2149	100
2150	101
2151	102
2152	103
2153	104
2154	105
2155	106
2156	107
2157	108
2158	109
2159	110
2160	111
2161	112
2162	113
2163	114
2164	115
2165	116
2166	117
2167	118
2168	119
2169	120
2170	121
2171	122
2172	123
2173	124
2174	125
2175	126
2176	127
2177	128
2178	129
2179	130
2180	131
2181	132
2182	133
2183	134
2184	135
2185	136
2186	137
2187	138
2188	139
2189	140
2190	141
2191	142
2192	143
2193	144
2194	145
2195	146
2196	147
2197	148
2198	149
2199	150
2200	151
2201	152
2202	153
2203	154
2204	155
2205	156
2206	157
2207	158
2208	159
2209	160
2210	161
2211	162
2212	163
2213	164
2214	165
2215	166
2216	167
2217	168
2218	169
2219	170
2220	171
2221	172
2222	173
2223	174
2224	175
2225	176
2226	177
2227	178
2228	179
2229	180
2230	181
2231	182
2232	183
2233	184
2234	185
2235	186
2236	187
2237	188
2238	189
2239	190
2240	191
2241	192
2242	193
2243	194
2244	195
2245	196
2246	197
2247	198
2248	199
2249	200
2250	201
2251	202
2252	203
2253	204
2254	205
2255	206
2256	207
2257	208
2258	209
2259	210
2260	211
2261	212
2262	213
2263	214
2264	215
2265	216
2266	217
2267	218
2268	219
2269	220
2270	221
2271	222
2272	223
2273	224
2274	225
2275	226
2276	227
2277	228
2278	229
2279	230
2280	231
2281	232
2282	233
2283	234
2284	235
2285	236
2286	237
2287	238
2288	239
2289	240
2290	241
2291	242
2292	243
2293	244
2294	245
2295	246
2296	247
2297	248
2298	249
2299	250
2300	251
2301	252
2302	253
2303	254
2304	255
2305	256
2306	257
2307	258
2308	259
2309	260
2310	261
2311	262
2312	263
2313	264
2314	265
2315	266
2316	267
2317	268
2318	269
2319	270
2320	271
2321	272
2322	273
2323	274
2324	275
2325	276
2326	277
2327	278
2328	279
2329	280
2330	281
2331	282
2332	283
2333	284
2334	285
2335	286
2336	287
2337	288
2338	289
2339	290
2340	291
2341	292
2342	293
2343	294
2344	295
2345	296
2346	297
2347	298
2348	299
2349	300
2350	301
2351	302
2352	303
2353	304
2354	305
2355	306
2356	307
2357	308
2358	309
2359	310
2360	311
2361	312
2362	313
2363	314
2364	315
2365	316
2366	317
2367	318
2368	319
2369	320
2370	321
2371	322
2372	323
2373	324
2374	325
2375	326
2376	327
2377	328
2378	329
2379	330
2380	331
2381	332
2382	333
2383	334
2384	335
2385	336
2386	337
2387	338
2388	339
2389	340
2390	341
2391	342
2392	343
2393	344
2394	345
2395	346
2396	347
2397	348
2398	349
2399	350
2400	351
2401	352
2402	353
2403	354
2404	355
2405	356
2406	357
2407	358
2408	359
2409	360
2410	361
2411	362
2412	363
2413	364
2414	365
2415	366
2416	367
2417	368
2418	369
2419	370
2420	371
2421	372
2422	373
2423	374
2424	375
2425	376
2426	377
2427	378
2428	379
2429	380
2430	381
2431	382
2432	383
2433	384
2434	385
2435	386
2436	387
2437	388
2438	389
2439	390
2440	391
2441	392
2442	393
2443	394
2444	395
2445	396
2446	397
2447	398
2448	399
2449	400
2450	401
2451	402
2452	403
2453	404
2454	405
2455	406
2456	407
2457	408
2458	409
2459	410
2460	411
2461	412
2462	413
2463	414
2464	415
2465	416
2466	417
2467	418
2468	419
2469	420
2470	421
2471	422
2472	423
2473	424
2474	425
2475	426
2476	427
2477	428
2478	429
2479	430
2480	431
2481	432
2482	433
2483	434
2484	435
2485	436
2486	437
2487	438
2488	439
2489	440
2490	441
2491	442
2492	443
2493	444
2494	445
2495	446
2496	447
2497	448
2498	449
2499	450
2500	451
2501	452
2502	453
2503	454
2504	455
2505	456
2506	457
2507	458
2508	459
2509	460
2510	461
2511	462
2512	463
2513	464
2514	465
2515	466
2516	467
2517	468
2518	469
2519	470
2520	471
2521	472
2522	473
2523	474
2524	475
2525	476
2526	477
2527	478
2528	479
2529	480
2530	481
2531	482
2532	483
2533	484
2534	485
2535	486
2536	487
2537	488
2538	489
2539	490
2540	491
2541	492
2542	493
2543	494
2544	495
2545	496
2546	497
2547	498
2548	499
2549	500
2550	501
2551	502
2552	503
2553	504
2554	505
2555	506
2556	507
2557	508
2558	509
2559	510
2560	511
2561	512
2562	513
2563	514
2564	515
2565	516
2566	517
2567	518
2568	519
2569	520
2570	521
2571	522
2572	523
2573	524
2574	525
2575	526
2576	527
2577	528
2578	529
2579	530
2580	531
2581	532
2582	533
2583	534
2584	535
2585	536
2586	537
2587	538
2588	539
2589	540
2590	541
2591	542
2592	543
2593	544
2594	545
2595	546
2596	547
2597	548
2598	549
2599	550
2600	551
2601	552
2602	553
2603	554
2604	555
2605	556
2606	557
2607	558
2608	559
2609	560
2610	561
2611	562
2612	563
2613	564
2614	565
2615	566
2616	567
2617	568
2618	569
2619	570
2620	571
2621	572
2622	573
2623	574
2624	575
2625	576
2626	577
2627	578
2628	579
2629	580
2630	581
2631	582
2632	583
2633	584
2634	585
2635	586
2636	587
2637	588
2638	589
2639	590
2640	591
2641	592
2642	593
2643	594
2644	595
2645	596
2646	597
2647	598
2648	599
2649	600
2650	601
2651	602
2652	603
2653	604
2654	605
2655	606
2656	607
2657	608
2658	609
2659	610
2660	611
2661	612
2662	613
2663	614
2664	615
2665	616
2666	617
2667	618
2668	619
2669	620
2670	621
2671	622
2672	623
2673	624
2674	625
2675	626
2676	627
2677	628
2678	629
2679	630
2680	631
2681	632
2682	633
2683	634
2684	635
2685	636
2686	637
2687	638
2688	639
2689	640
2690	641
2691	642
2692	643
2693	644
2694	645
2695	646
2696	647
2697	648
2698	649
2699	650
2700	651
2701	652
2702	653
2703	654
2704	655
2705	656
2706	657
2707	658
2708	659
2709	660
2710	661
2711	662
2712	663
2713	664
2714	665
2715	666
2716	667
2717	668
2718	669
2719	670
2720	671
2721	672
2722	673
2723	674
2724	675
2725	676
2726	677
2727	678
2728	679
2729	680
2730	681
2731	682
2732	683
2733	684
2734	685
2735	686
2736	687
2737	688
2738	689
2739	690
2740	691
2741	692
2742	693
2743	694
2744	695
2745	696
2746	697
2747	698
2748	699
2749	700
2750	701
2751	702
2752	703
2753	704
2754	705
2755	706
2756	707
2757	708
2758	709
2759	710
2760	711
2761	712
2762	713
2763	714
2764	715
2765	716
2766	717
2767	718
2768	719
2769	720
2770	721
2771	722
2772	723
2773	724
2774	725
2775	726
2776	727
2777	728
2778	729
2779	730
2780	731
2781	732
2782	733
2783	734
2784	735
2785	736
2786	737
2787	738
2788	739
2789	740
2790	741
2791	742
2792	743
2793	744
2794	745
2795	746
2796	747
2797	748
2798	749
2799	750
2800	751
2801	752
2802	753
2803	754
2804	755
2805	756
2806	757
2807	758
2808	759
2809	760
2810	761
2811	762
2812	763
2813	764
2814	765
2815	766
2816	767
2817	768
2818	769
2819	770
2820	771
2821	772
2822	773
2823	774
2824	775
2825	776
2826	777
2827	778
2828	779
2829	780
2830	781
2831	782
2832	783
2833	784
2834	785
2835	786
2836	787
2837	788
2838	789
2839	790
2840	791
2841	792
2842	793
2843	794
2844	795
2845	796
2846	797
2847	798
2848	799
2849	800
2850	801
2851	802
2852	803
2853	804
2854	805
2855	806
2856	807
2857	808
2858	809
2859	810
2860	811
2861	812
2862	813
2863	814
2864	815
2865	816
2866	817
2867	818
2868	819
2869	820
2870	821
2871	822
2872	823
2873	824
2874	825
2875	826
2876	827
2877	828
2878	829
2879	830
2880	831
2881	832
2882	833
2883	834
2884	835
2885	836
2886	837
2887	838
2888	839
2889	840
2890	841
2891	842
2892	843
2893	844
2894	845
2895	846
2896	847
2897	848
2898	849
2899	850
2900	851
2901	852
2902	853
2903	854
2904	855
2905	856
2906	857
2907	858
2908	859
2909	860
2910	861
2911	862
2912	863
2913	864
2914	865
2915	866
2916	867
2917	868
2918	869
2919	870
2920	871
2921	872
2922	873
2923	874
2924	875
2925	876
2926	877
2927	878
2928	879
2929	880
2930	881
2931	882
2932	883
2933	884
2934	885
2935	886
2936	887
2937	888
2938	889
2939	890
2940	891
2941	892
2942	893
2943	894
2944	895
2945	896
2946	897
2947	898
2948	899
2949	900
2950	901
2951	902
2952	903
2953	904
2954	905
2955	906
2956	907
2957	908
2958	909
2959	910
2960	911
2961	912
2962	913
2963	914
2964	915
2965	916
2966	917
2967	918
2968	919
2969	920
2970	921
2971	922
2972	923
2973	924
2974	925
2975	926
2976	927
2977	928
2978	929
2979	930
2980	931
2981	932
2982	933
2983	934
2984	935
2985	936
2986	937
2987	938
2988	939
2989	940
2990	941
2991	942
2992	943
2993	944
2994	945
2995	946
2996	947
2997	948
2998	949
2999	950
3000	951
3001	952
3002	953
3003	954
3004	955
3005	956
3006	957
3007	958
3008	959
3009	960
3010	961
3011	962
3012	963
3013	964
3014	965
3015	966
3016	967
3017	968
3018	969
3019	970
3020	971
3021	972
3022	973
3023	974
3024	975
3025	976
3026	977
3027	978
3028	979
3029	980
3030	981
3031	982
3032	983
3033	984
3034	985
3035	986
3036	987
3037	988
3038	989
3039	990
3040	991
3041	992
3042	993
3043	994
3044	995
3045	996
3046	997
3047	998
3048	999
3049	1000
3050	1001
3051	1002
3052	1003
3053	1004
3054	1005
3055	1006
3056	1007
3057	1008
3058	1009
3059	1010
3060	1011
3061	1012
3062	1013
3063	1014
3064	1015
3065	1016
3066	1017
3067	1018
3068	1019
3069	1020
3070	1021
3071	1022
3072	1023
3073	1024
3074	1025
3075	1026
3076	1027
3077	1028
3078	1029
3079	1030
3080	1031
3081	1032
3082	1033
3083	1034
3084	1035
3085	1036
3086	1037
3087	1038
3088	1039
3089	1040
3090	1041
3091	1042
3092	1043
3093	1044
3094	1045
3095	1046
3096	1047
3097	1048
3098	1049
3099	1050
3100	1051
3101	1052
3102	1053
3103	1054
3104	1055
3105	1056
3106	1057
3107	1058
3108	1059
3109	1060
3110	1061
3111	1062
3112	1063
3113	1064
3114	1065
3115	1066
3116	1067
3117	1068
3118	1069
3119	1070
3120	1071
3121	1072
3122	1073
3123	1074
3124	1075
3125	1076
3126	1077
3127	1078
3128	1079
3129	1080
3130	1081
3131	1082
3132	1083
3133	1084
3134	1085
3135	1086
3136	1087
3137	1088
3138	1089
3139	1090
3140	1091
3141	1092
3142	1093
3143	1094
3144	1095
3145	1096
3146	1097
3147	1098
3148	1099
3149	1100
3150	1101
3151	1102
3152	1103
3153	1104
3154	1105
3155	1106
3156	1107
3157	1108
3158	1109
3159	1110
3160	1111
3161	1112
3162	1113
3163	1114
3164	1115
3165	1116
3166	1117
3167	1118
3168	1119
3169	1120
3170	1121
3171	1122
3172	1123
3173	1124
3174	1125
3175	1126
3176	1127
3177	1128
3178	1129
3179	1130
3180	1131
3181	1132
3182	1133
3183	1134
3184	1135
3185	1136
3186	1137
3187	1138
3188	1139
3189	1140
3190	1141
3191	1142
3192	1143
3193	1144
3194	1145
3195	1146
3196	1147
3197	1148
3198	1149
3199	1150
3200	1151
3201	1152
3202	1153
3203	1154
3204	1155
3205	1156
3206	1157
3207	1158
3208	1159
3209	1160
3210	1161
3211	1162
3212	1163
3213	1164
3214	1165
3215	1166
3216	1167
3217	1168
3218	1169
3219	1170
3220	1171
3221	1172
3222	1173
3223	1174
3224	1175
3225	1176
3226	1177
3227	1178
3228	1179
3229	1180
3230	1181
3231	1182
3232	1183
3233	1184
3234	1185
3235	1186
3236	1187
3237	1188
3238	1189
3239	1190
3240	1191
3241	1192
3242	1193
3243	1194
3244	1195
3245	1196
3246	1197
3247	1198
3248	1199
3249	1200
3250	1201
3251	1202
3252	1203
3253	1204
3254	1205
3255	1206
3256	1207
3257	1208
3258	1209
3259	1210
3260	1211
3261	1212
3262	1213
3263	1214
3264	1215
3265	1216
3266	1217
3267	1218
3268	1219
3269	1220
3270	1221
3271	1222
3272	1223
3273	1224
3274	1225
3275	1226
3276	1227
3277	1228
3278	1229
3279	1230
3280	1231
3281	1232
3282	1233
3283	1234
3284	1235
3285	1236
3286	1237
3287	1238
3288	1239
3289	1240
3290	1241
3291	1242
3292	1243
3293	1244
3294	1245
3295	1246
3296	1247
3297	1248
3298	1249
3299	1250
3300	1251
3301	1252
3302	1253
3303	1254
3304	1255
3305	1256
3306	1257
3307	1258
3308	1259
3309	1260
3310	1261
3311	1262
3312	1263
3313	1264
3314	1265
3315	1266
3316	1267
3317	1268
3318	1269
3319	1270
3320	1271
3321	1272
3322	1273
3323	1274
3324	1275
3325	1276
3326	1277
3327	1278
3328	1279
3329	1280
3330	1281
3331	1282
3332	1283
3333	1284
3334	1285
3335	1286
3336	1287
3337	1288
3338	1289
3339	1290
3340	1291
3341	1292
3342	1293
3343	1294
3344	1295
3345	1296
3346	1297
3347	1298
3348	1299
3349	1300
3350	1301
3351	1302
3352	1303
3353	1304
3354	1305
3355	1306
3356	1307
3357	1308
3358	1309
3359	1310
3360	1311
3361	1312
3362	1313
3363	1314
3364	1315
3365	1316
3366	1317
3367	1318
3368	1319
3369	1320
3370	1321
3371	1322
3372	1323
3373	1324
3374	1325
3375	1326
3376	1327
3377	1328
3378	1329
3379	1330
3380	1331
3381	1332
3382	1333
3383	1334
3384	1335
3385	1336
3386	1337
3387	1338
3388	1339
3389	1340
3390	1341
3391	1342
3392	1343
3393	1344
3394	1345
3395	1346
3396	1347
3397	1348
3398	1349
3399	1350
3400	1351
3401	1352
3402	1353
3403	1354
3404	1355
3405	1356
3406	1357
3407	1358
3408	1359
3409	1360
3410	1361
3411	1362
3412	1363
3413	1364
3414	1365
3415	1366
3416	1367
3417	1368
3418	1369
3419	1370
3420	1371
3421	1372
3422	1373
3423	1374
3424	1375
3425	1376
3426	1377
3427	1378
3428	1379
3429	1380
3430	1381
3431	1382
3432	1383
3433	1384
3434	1385
3435	1386
3436	1387
3437	1388
3438	1389
3439	1390
3440	1391
3441	1392
3442	1393
3443	1394
3444	1395
3445	1396
3446	1397
3447	1398
3448	1399
3449	1400
3450	1401
3451	1402
3452	1403
3453	1404
3454	1405
3455	1406
3456	1407
3457	1408
3458	1409
3459	1410
3460	1411
3461	1412
3462	1413
3463	1414
3464	1415
3465	1416
3466	1417
3467	1418
3468	1419
3469	1420
3470	1421
3471	1422
3472	1423
3473	1424
3474	1425
3475	1426
3476	1427
3477	1428
3478	1429
3479	1430
3480	1431
3481	1432
3482	1433
3483	1434
3484	1435
3485	1436
3486	1437
3487	1438
3488	1439
3489	1440
3490	1441
3491	1442
3492	1443
3493	1444
3494	1445
3495	1446
3496	1447
3497	1448
3498	1449
3499	1450
3500	1451
3501	1452
3502	1453
3503	1454
3504	1455
3505	1456
3506	1457
3507	1458
3508	1459
3509	1460
3510	1461
3511	1462
3512	1463
3513	1464
3514	1465
3515	1466
3516	1467
3517	1468
3518	1469
3519	1470
3520	1471
3521	1472
3522	1473
3523	1474
3524	1475
3525	1476
3526	1477
3527	1478
3528	1479
3529	1480
3530	1481
3531	1482
3532	1483
3533	1484
3534	1485
3535	1486
3536	1487
3537	1488
3538	1489
3539	1490
3540	1491
3541	1492
3542	1493
3543	1494
3544	1495
3545	1496
3546	1497
3547	1498
3548	1499
3549	1500
3550	1501
3551	1502
3552	1503
3553	1504
3554	1505
3555	1506
3556	1507
3557	1508
3558	1509
3559	1510
3560	1511
3561	1512
3562	1513
3563	1514
3564	1515
3565	1516
3566	1517
3567	1518
3568	1519
3569	1520
3570	1521
3571	1522
3572	1523
3573	1524
3574	1525
3575	1526
3576	1527
3577	1528
3578	1529
3579	1530
3580	1531
3581	1532
3582	1533
3583	1534
3584	1535
3585	1536
3586	1537
3587	1538
3588	1539
3589	1540
3590	1541
3591	1542
3592	1543
3593	1544
3594	1545
3595	1546
3596	1547
3597	1548
3598	1549
3599	1550
3600	1551
3601	1552
3602	1553
3603	1554
3604	1555
3605	1556
3606	1557
3607	1558
3608	1559
3609	1560
3610	1561
3611	1562
3612	1563
3613	1564
3614	1565
3615	1566
3616	1567
3617	1568
3618	1569
3619	1570
3620	1571
3621	1572
3622	1573
3623	1574
3624	1575
3625	1576
3626	1577
3627	1578
3628	1579
3629	1580
3630	1581
3631	1582
3632	1583
3633	1584
3634	1585
3635	1586
3636	1587
3637	1588
3638	1589
3639	1590
3640	1591
3641	1592
3642	1593
3643	1594
3644	1595
3645	1596
3646	1597
3647	1598
3648	1599
3649	1600
3650	1601
3651	1602
3652	1603
3653	1604
3654	1605
3655	1606
3656	1607
3657	1608
3658	1609
3659	1610
3660	1611
3661	1612
3662	1613
3663	1614
3664	1615
3665	1616
3666	1617
3667	1618
3668	1619
3669	1620
3670	1621
3671	1622
3672	1623
3673	1624
3674	1625
3675	1626
3676	1627
3677	1628
3678	1629
3679	1630
3680	1631
3681	1632
3682	1633
3683	1634
3684	1635
3685	1636
3686	1637
3687	1638
3688	1639
3689	1640
3690	1641
3691	1642
3692	1643
3693	1644
3694	1645
3695	1646
3696	1647
3697	1648
3698	1649
3699	1650
3700	1651
3701	1652
3702	1653
3703	1654
3704	1655
3705	1656
3706	1657
3707	1658
3708	1659
3709	1660
3710	1661
3711	1662
3712	1663
3713	1664
3714	1665
3715	1666
3716	1667
3717	1668
3718	1669
3719	1670
3720	1671
3721	1672
3722	1673
3723	1674
3724	1675
3725	1676
3726	1677
3727	1678
3728	1679
3729	1680
3730	1681
3731	1682
3732	1683
3733	1684
3734	1685
3735	1686
3736	1687
3737	1688
3738	1689
3739	1690
3740	1691
3741	1692
3742	1693
3743	1694
3744	1695
3745	1696
3746	1697
3747	1698
3748	1699
3749	1700
3750	1701
3751	1702
3752	1703
3753	1704
3754	1705
3755	1706
3756	1707
3757	1708
3758	1709
3759	1710
3760	1711
3761	1712
3762	1713
3763	1714
3764	1715
3765	1716
3766	1717
3767	1718
3768	1719
3769	1720
3770	1721
3771	1722
3772	1723
3773	1724
3774	1725
3775	1726
3776	1727
3777	1728
3778	1729
3779	1730
3780	1731
3781	1732
3782	1733
3783	1734
3784	1735
3785	1736
3786	1737
3787	1738
3788	1739
3789	1740
3790	1741
3791	1742
3792	1743
3793	1744
3794	1745
3795	1746
3796	1747
3797	1748
3798	1749
3799	1750
3800	1751
3801	1752
3802	1753
3803	1754
3804	1755
3805	1756
3806	1757
3807	1758
3808	1759
3809	1760
3810	1761
3811	1762
3812	1763
3813	1764
3814	1765
3815	1766
3816	1767
3817	1768
3818	1769
3819	1770
3820	1771
3821	1772
3822	1773
3823	1774
3824	1775
3825	1776
3826	1777
3827	1778
3828	1779
3829	1780
3830	1781
3831	1782
3832	1783
3833	1784
3834	1785
3835	1786
3836	1787
3837	1788
3838	1789
3839	1790
3840	1791
3841	1792
3842	1793
3843	1794
3844	1795
3845	1796
3846	1797
3847	1798
3848	1799
3849	1800
3850	1801
3851	1802
3852	1803
3853	1804
3854	1805
3855	1806
3856	1807
3857	1808
3858	1809
3859	1810
3860	1811
3861	1812
3862	1813
3863	1814
3864	1815
3865	1816
3866	1817
3867	1818
3868	1819
3869	1820
3870	1821
3871	1822
3872	1823
3873	1824
3874	1825
3875	1826
3876	1827
3877	1828
3878	1829
3879	1830
3880	1831
3881	1832
3882	1833
3883	1834
3884	1835
3885	1836
3886	1837
3887	1838
3888	1839
3889	1840
3890	1841
3891	1842
3892	1843
3893	1844
3894	1845
3895	1846
3896	1847
3897	1848
3898	1849
3899	1850
3900	1851
3901	1852
3902	1853
3903	1854
3904	1855
3905	1856
3906	1857
3907	1858
3908	1859
3909	1860
3910	1861
3911	1862
3912	1863
3913	1864
3914	1865
3915	1866
3916	1867
3917	1868
3918	1869
3919	1870
3920	1871
3921	1872
3922	1873
3923	1874
3924	1875
3925	1876
3926	1877
3927	1878
3928	1879
3929	1880
3930	1881
3931	1882
3932	1883
3933	1884
3934	1885
3935	1886
3936	1887
3937	1888
3938	1889
3939	1890
3940	1891
3941	1892
3942	1893
3943	1894
3944	1895
3945	1896
3946	1897
3947	1898
3948	1899
3949	1900
3950	1901
3951	1902
3952	1903
3953	1904
3954	1905
3955	1906
3956	1907
3957	1908
3958	1909
3959	1910
3960	1911
3961	1912
3962	1913
3963	1914
3964	1915
3965	1916
3966	1917
3967	1918
3968	1919
3969	1920
3970	1921
3971	1922
3972	1923
3973	1924
3974	1925
3975	1926
3976	1927
3977	1928
3978	1929
3979	1930
3980	1931
3981	1932
3982	1933
3983	1934
3984	1935
3985	1936
3986	1937
3987	1938
3988	1939
3989	1940
3990	1941
3991	1942
3992	1943
3993	1944
3994	1945
3995	1946
3996	1947
3997	1948
3998	1949
3999	1950
4000	1951
4001	1952
4002	1953
4003	1954
4004	1955
4005	1956
4006	1957
4007	1958
4008	1959
4009	1960
4010	1961
4011	1962
4012	1963
4013	1964
4014	1965
4015	1966
4016	1967
4017	1968
4018	1969
4019	1970
4020	1971
4021	1972
4022	1973
4023	1974
4024	1975
4025	1976
4026	1977
4027	1978
4028	1979
4029	1980
4030	1981
4031	1982
4032	1983
4033	1984
4034	1985
4035	1986
4036	1987
4037	1988
4038	1989
4039	1990
4040	1991
4041	1992
4042	1993
4043	1994
4044	1995
4045	1996
4046	1997
4047	1998
4048	1999
4049	2000
4050	2001
4051	2002
4052	2003
4053	2004
4054	2005
4055	2006
4056	2007
4057	2008
4058	2009
4059	2010
4060	2011
4061	2012
4062	2013
4063	2014
4064	2015
4065	2016
4066	2017
4067	2018
4068	2019
4069	2020
4070	2021
4071	2022
4072	2023
4073	2024
4074	2025
4075	2026
4076	2027
4077	2028
4078	2029
4079	2030
4080	2031
4081	2032
4082	2033
4083	2034
4084	2035
4085	2036
4086	2037
4087	2038
4088	2039
4089	2040
4090	2041
4091	2042
4092	2043
4093	2044
4094	2045
4095	2046
