0	17
1	901
2	988
3	339
4	921
5	247
6	757
7	432
8	909
9	828
10	126
11	716
12	878
13	812
14	296
15	249
16	888
17	897
18	852
19	283
20	632
21	735
22	824
23	814
24	237
25	235
26	96
27	658
28	48
29	803
30	851
31	356
32	253
33	342
34	24
35	312
36	449
37	675
38	912
39	597
40	218
41	435
42	818
43	627
44	519
45	849
46	546
47	720
48	118
49	582
50	847
51	350
52	51
53	837
54	1015
55	811
56	987
57	303
58	929
59	915
60	511
61	434
62	940
63	452
64	945
65	523
66	819
67	774
68	715
69	997
70	524
71	581
72	793
73	397
74	998
75	135
76	248
77	622
78	382
79	176
80	70
81	299
82	232
83	429
84	634
85	440
86	590
87	792
88	593
89	298
90	503
91	508
92	241
93	978
94	817
95	144
96	315
97	753
98	488
99	672
100	93
101	674
102	812
103	962
104	342
105	508
106	662
107	368
108	557
109	582
110	178
111	965
112	299
113	907
114	713
115	910
116	110
117	861
118	235
119	475
120	74
121	994
122	914
123	442
124	689
125	916
126	471
127	771
128	680
129	15
130	584
131	54
132	937
133	261
134	655
135	212
136	720
137	1018
138	643
139	547
140	898
141	504
142	465
143	375
144	388
145	759
146	83
147	89
148	905
149	754
150	194
151	863
152	867
153	46
154	615
155	466
156	39
157	66
158	537
159	534
160	192
161	192
162	516
163	87
164	481
165	718
166	222
167	614
168	259
169	785
170	864
171	599
172	467
173	396
174	347
175	293
176	460
177	337
178	67
179	921
180	252
181	439
182	813
183	291
184	632
185	312
186	247
187	276
188	184
189	976
190	9
191	499
192	721
193	972
194	1014
195	293
196	249
197	612
198	101
199	704
200	847
201	554
202	50
203	72
204	747
205	456
206	270
207	465
208	694
209	873
210	914
211	917
212	91
213	291
214	905
215	808
216	977
217	18
218	971
219	384
220	347
221	398
222	599
223	589
224	660
225	265
226	724
227	688
228	701
229	930
230	556
231	361
232	554
233	602
234	490
235	50
236	63
237	576
238	419
239	425
240	341
241	539
242	649
243	506
244	417
245	856
246	577
247	838
248	995
249	70
250	933
251	73
252	383
253	37
254	843
255	415
256	802
257	639
258	802
259	111
260	69
261	633
262	376
263	621
264	1012
265	446
266	938
267	354
268	126
269	946
270	386
271	371
272	865
273	1022
274	515
275	686
276	133
277	96
278	845
279	225
280	673
281	365
282	606
283	126
284	965
285	202
286	944
287	331
288	251
289	784
290	587
291	486
292	940
293	836
294	971
295	778
296	330
297	76
298	706
299	754
300	504
301	165
302	619
303	484
304	391
305	386
306	749
307	698
308	808
309	554
310	553
311	776
312	363
313	970
314	129
315	595
316	147
317	451
318	440
319	157
320	297
321	164
322	253
323	103
324	556
325	749
326	844
327	438
328	770
329	179
330	101
331	550
332	985
333	583
334	16
335	212
336	463
337	425
338	495
339	363
340	527
341	332
342	317
343	752
344	903
345	491
346	408
347	277
348	117
349	551
350	466
351	181
352	367
353	983
354	684
355	1022
356	130
357	210
358	434
359	919
360	944
361	829
362	776
363	111
364	52
365	915
366	421
367	89
368	30
369	304
370	334
371	392
372	885
373	139
374	697
375	221
376	819
377	327
378	294
379	443
380	84
381	234
382	880
383	855
384	909
385	816
386	79
387	379
388	941
389	103
390	403
391	343
392	701
393	179
394	385
395	785
396	226
397	188
398	102
399	451
400	705
401	587
402	776
403	176
404	1015
405	290
406	228
407	356
408	330
409	1000
410	606
411	30
412	388
413	289
414	972
415	660
416	415
417	979
418	81
419	935
420	1019
421	169
422	52
423	348
424	795
425	836
426	466
427	620
428	319
429	218
430	265
431	643
432	276
433	731
434	279
435	736
436	650
437	466
438	999
439	283
440	379
441	279
442	136
443	217
444	927
445	409
446	144
447	868
448	390
449	454
450	437
451	405
452	116
453	845
454	451
455	357
456	900
457	884
458	425
459	746
460	685
461	985
462	562
463	241
464	568
465	811
466	500
467	24
468	457
469	696
470	766
471	165
472	281
473	775
474	542
475	452
476	573
477	421
478	131
479	287
480	364
481	422
482	111
483	29
484	136
485	434
486	526
487	400
488	594
489	779
490	663
491	403
492	498
493	690
494	457
495	753
496	477
497	824
498	840
499	553
500	154
501	986
502	809
503	810
504	635
505	907
506	154
507	795
508	121
509	310
510	32
511	981
512	859
513	499
514	237
515	122
516	551
517	408
518	936
519	698
520	750
521	12
522	1016
523	577
524	876
525	990
526	854
527	137
528	296
529	112
530	208
531	158
532	35
533	141
534	331
535	296
536	751
537	460
538	761
539	837
540	77
541	570
542	36
543	916
544	484
545	469
546	219
547	520
548	536
549	931
550	898
551	589
552	711
553	428
554	144
555	378
556	22
557	539
558	325
559	78
560	416
561	509
562	378
563	215
564	276
565	394
566	449
567	438
568	325
569	769
570	242
571	831
572	962
573	309
574	17
575	647
576	993
577	872
578	788
579	300
580	180
581	404
582	766
583	361
584	1003
585	335
586	477
587	1010
588	350
589	874
590	801
591	958
592	60
593	408
594	179
595	57
596	582
597	979
598	872
599	28
600	747
601	51
602	228
603	432
604	497
605	811
606	671
607	3
608	323
609	905
610	206
611	349
612	234
613	593
614	619
615	378
616	814
617	393
618	796
619	421
620	471
621	592
622	708
623	374
624	632
625	723
626	487
627	654
628	687
629	603
630	25
631	991
632	414
633	764
634	625
635	665
636	478
637	707
638	555
639	625
640	760
641	302
642	497
643	78
644	925
645	429
646	514
647	44
648	991
649	292
650	514
651	677
652	184
653	872
654	637
655	857
656	910
657	756
658	55
659	639
660	164
661	113
662	158
663	287
664	943
665	847
666	979
667	429
668	287
669	689
670	787
671	546
672	1002
673	574
674	684
675	66
676	342
677	499
678	846
679	194
680	798
681	37
682	808
683	896
684	560
685	297
686	548
687	648
688	944
689	847
690	104
691	573
692	121
693	746
694	531
695	875
696	220
697	64
698	995
699	336
700	97
701	876
702	519
703	764
704	262
705	999
706	54
707	895
708	70
709	312
710	265
711	216
712	188
713	222
714	47
715	848
716	660
717	1016
718	298
719	848
720	872
721	32
722	762
723	581
724	106
725	533
726	702
727	235
728	445
729	473
730	726
731	54
732	950
733	538
734	77
735	796
736	611
737	132
738	712
739	746
740	158
741	110
742	883
743	641
744	943
745	764
746	402
747	362
748	600
749	131
750	915
751	754
752	254
753	496
754	129
755	72
756	994
757	629
758	96
759	1014
760	964
761	487
762	938
763	932
764	191
765	715
766	1023
767	76
768	885
769	253
770	712
771	448
772	319
773	571
774	787
775	461
776	35
777	666
778	562
779	184
780	224
781	596
782	1008
783	338
784	510
785	890
786	549
787	64
788	14
789	566
790	497
791	266
792	980
793	467
794	71
795	93
796	169
797	1010
798	565
799	614
800	88
801	947
802	809
803	122
804	694
805	923
806	1017
807	950
808	276
809	350
810	655
811	686
812	43
813	177
814	66
815	137
816	709
817	533
818	99
819	415
820	971
821	367
822	727
823	804
824	359
825	893
826	604
827	41
828	1016
829	297
830	296
831	151
832	559
833	741
834	769
835	210
836	661
837	55
838	867
839	103
840	897
841	914
842	448
843	1007
844	838
845	957
846	984
847	91
848	557
849	670
850	498
851	679
852	224
853	801
854	399
855	134
856	77
857	795
858	743
859	523
860	559
861	814
862	72
863	905
864	147
865	166
866	79
867	233
868	278
869	147
870	490
871	757
872	311
873	838
874	528
875	135
876	413
877	990
878	27
879	916
880	842
881	243
882	239
883	999
884	147
885	257
886	967
887	466
888	764
889	26
890	625
891	781
892	835
893	815
894	68
895	625
896	541
897	592
898	503
899	920
900	797
901	1007
902	17
903	110
904	295
905	888
906	862
907	473
908	285
909	355
910	600
911	324
912	823
913	989
914	45
915	469
916	399
917	1023
918	499
919	410
920	887
921	774
922	7
923	450
924	236
925	851
926	266
927	252
928	508
929	374
930	758
931	992
932	644
933	1015
934	851
935	86
936	858
937	309
938	293
939	34
940	294
941	630
942	116
943	994
944	251
945	916
946	705
947	663
948	287
949	920
950	77
951	582
952	194
953	630
954	222
955	599
956	447
957	649
958	951
959	35
960	164
961	104
962	193
963	380
964	706
965	51
966	417
967	135
968	623
969	208
970	578
971	428
972	86
973	331
974	660
975	83
976	384
977	183
978	959
979	486
980	445
981	482
982	848
983	100
984	758
985	249
986	686
987	350
988	35
989	415
990	637
991	1003
992	402
993	46
994	736
995	157
996	994
997	826
998	341
999	618
1000	180
1001	266
1002	101
1003	412
1004	809
1005	148
1006	965
1007	725
1008	418
1009	461
1010	47
1011	283
1012	241
1013	618
1014	423
1015	863
1016	986
1017	520
1018	705
1019	808
1020	794
1021	915
1022	125
1023	1015
