0    1    2    4    8    
1    0    3    5    9    
2    0    6    10    16    
3    1    7    11    17    
4    0    12    18    30    
5    1    13    19    31    
6    2    14    20    32    
7    3    15    21    33    
8    0    22    34    56    
9    1    23    35    57    
10    2    24    36    50    
11    3    25    37    51    
12    4    26    30    38    
13    5    27    31    39    
14    6    28    32    40    
15    7    29    33    41    
16    2    42    58    56    
17    3    43    59    20    56    
18    4    30    44    28    57    
19    5    31    45    58    
20    6    32    46    29    17    
21    7    33    47    46    36    56    
22    8    34    48    60    
23    9    35    49    61    
24    10    36    50    55    
25    11    37    51    28    44    
26    12    38    52    47    
27    13    39    53    54    
28    14    40    54    53    25    18    
29    15    41    55    54    50    20    
30    4    12    18    38    
31    5    13    19    39    
32    6    14    20    40    
33    7    15    21    41    
34    8    22    48    62    
35    9    23    49    63    
36    10    24    50    21    45    
37    11    25    51    54    
38    12    26    30    52    
39    13    27    31    53    
40    14    28    32    54    
41    15    29    33    55    
42    16    58    55    47    63    
43    17    59    54    52    56    
44    18    54    53    25    63    
45    19    62    60    36    56    
46    20    47    21    63    61    59    
47    21    52    46    26    42    
48    22    34    60    62    
49    23    35    61    63    
50    24    10    36    29    
51    25    11    37    52    
52    26    38    55    47    43    51    61    
53    27    39    54    28    44    
54    28    40    55    53    29    37    43    59    27    44    
55    29    41    54    52    24    42    
56    8    43    21    45    17    16    
57    9    60    58    18    
58    16    42    19    62    57    
59    17    43    54    46    
60    22    48    45    57    
61    23    49    46    52    
62    34    48    45    58    
63    35    49    46    44    42    
