0    1    2    4    8    
1    0    3    5    9    
2    0    6    10    16    
3    1    7    11    17    
4    0    12    18    30    
5    1    13    19    31    
6    2    14    20    32    
7    3    15    21    33    
8    0    22    34    56    
9    1    23    35    57    
10    2    24    36    58    
11    3    25    37    59    
12    4    26    38    60    
13    5    27    39    61    
14    6    28    40    62    
15    7    29    41    63    
16    2    42    64    104    
17    3    43    65    105    
18    4    44    66    106    
19    5    45    67    107    
20    6    46    68    108    
21    7    47    69    109    
22    8    48    70    110    
23    9    49    71    111    
24    10    50    72    112    
25    11    51    73    113    
26    12    52    74    114    
27    13    53    75    115    
28    14    54    76    116    
29    15    55    77    117    
30    4    78    118    192    
31    5    79    119    193    
32    6    80    120    194    
33    7    81    121    195    
34    8    82    122    196    
35    9    83    123    197    
36    10    84    124    172    
37    11    85    125    173    
38    12    86    126    174    
39    13    87    127    175    
40    14    88    128    176    
41    15    89    129    177    
42    16    90    130    198    
43    17    91    131    199    
44    18    92    106    132    
45    19    93    107    133    
46    20    94    108    134    
47    21    95    109    135    
48    22    96    136    200    
49    23    97    137    201    
50    24    98    112    138    
51    25    99    113    139    
52    26    100    114    140    
53    27    101    115    141    
54    28    102    116    142    
55    29    103    117    143    
56    8    144    202    246    
57    9    145    203    247    
58    10    146    204    149    
59    11    147    205    74    215    
60    12    148    206    127    228    
61    13    149    207    66    110    
62    14    150    208    217    
63    15    151    209    230    
64    16    152    210    240    
65    17    153    211    241    
66    18    106    154    207    61    
67    19    107    155    180    
68    20    108    156    225    199    215    
69    21    109    157    162    
70    22    158    212    242    
71    23    159    213    243    
72    24    112    160    217    
73    25    113    161    216    
74    26    114    162    201    59    
75    27    115    163    165    
76    28    116    164    189    
77    29    117    165    188    88    
78    30    118    166    214    
79    31    119    167    215    
80    32    120    168    216    
81    33    121    169    217    
82    34    170    196    218    
83    35    171    197    219    
84    36    124    172    199    
85    37    125    173    162    
86    38    126    174    223    
87    39    127    175    222    
88    40    128    176    191    77    
89    41    129    177    190    206    212    110    
90    42    130    178    220    
91    43    131    179    221    
92    44    132    180    187    
93    45    133    181    212    194    
94    46    134    182    187    
95    47    135    183    190    
96    48    136    184    222    
97    49    137    185    223    
98    50    138    186    191    181    
99    51    139    187    160    
100    52    140    188    190    
101    53    141    189    188    122    
102    54    142    190    187    161    221    127    105    
103    55    143    191    164    244    248    255    
104    16    224    248    191    
105    17    225    249    102    
106    18    44    66    132    
107    19    45    67    133    
108    20    46    68    134    
109    21    47    69    135    
110    22    226    250    89    123    61    
111    23    227    251    208    
112    24    50    72    138    
113    25    51    73    139    
114    26    52    74    140    
115    27    53    75    141    
116    28    54    76    142    
117    29    55    77    143    
118    30    78    166    228    
119    31    79    167    229    
120    32    80    168    230    
121    33    81    169    231    
122    34    196    232    101    
123    35    197    233    208    110    
124    36    84    172    187    
125    37    85    173    160    232    
126    38    86    174    177    
127    39    87    175    102    60    
128    40    88    176    183    
129    41    89    177    180    232    204    
130    42    90    178    234    
131    43    91    179    235    
132    44    92    106    180    
133    45    93    107    181    
134    46    94    108    182    
135    47    95    109    183    
136    48    96    184    236    
137    49    97    185    237    
138    50    98    112    186    
139    51    99    113    187    
140    52    100    114    188    
141    53    101    115    189    
142    54    102    116    190    
143    55    103    117    191    
144    56    202    238    252    
145    57    203    239    253    
146    58    204    151    217    
147    59    205    208    160    
148    60    206    207    201    248    192    
149    61    207    188    186    58    
150    62    208    188    231    
151    63    209    190    188    156    146    
152    64    210    240    237    
153    65    211    241    188    
154    66    155    255    251    
155    67    160    236    154    
156    68    165    235    181    151    228    
157    69    190    182    164    
158    70    212    242    165    
159    71    213    243    190    
160    72    99    125    213    171    241    155    147    
161    73    102    182    234    176    250    
162    74    183    177    209    69    85    
163    75    182    188    216    170    172    204    
164    76    191    103    189    237    221    245    235    157    253    
165    77    190    182    188    222    156    254    158    75    
166    78    118    214    228    
167    79    119    215    229    
168    80    120    216    230    
169    81    121    217    231    
170    82    218    244    163    
171    83    219    245    160    
172    84    36    124    163    
173    85    37    125    188    
174    86    38    126    195    
175    87    39    127    190    
176    88    40    128    191    161    
177    89    41    129    162    126    
178    90    130    220    234    
179    91    131    221    235    
180    92    132    190    129    67    
181    93    133    98    156    252    
182    94    134    183    165    157    163    161    245    
183    95    135    190    182    128    162    198    250    
184    96    136    222    236    
185    97    137    223    237    
186    98    138    191    189    149    
187    99    139    102    188    94    124    92    
188    100    140    187    165    101    151    77    163    231    173    149    150    208    153    193    
189    101    141    190    186    164    76    
190    102    142    191    183    189    165    151    89    95    157    175    100    195    159    229    180    254    
191    103    143    190    186    164    176    222    98    88    244    104    
192    30    193    247    246    148    
193    31    188    232    226    192    
194    32    241    207    227    93    
195    33    190    230    174    215    
196    34    82    122    218    
197    35    83    123    219    
198    42    183    223    249    207    206    
199    43    208    68    84    232    200    
200    48    251    255    199    
201    49    234    224    74    148    
202    56    144    238    254    
203    57    145    239    255    
204    58    146    163    129    
205    59    147    230    220    
206    60    148    223    89    198    
207    61    149    194    148    198    66    
208    62    150    188    217    147    199    123    111    
209    63    151    234    162    
210    64    152    240    229    
211    65    153    241    236    
212    70    158    242    89    93    
213    71    159    243    160    
214    78    166    237    233    
215    79    167    226    68    228    195    59    
216    80    168    163    217    73    
217    81    169    216    208    240    62    252    72    146    232    
218    82    170    196    244    
219    83    171    197    245    
220    90    178    223    249    205    225    
221    91    179    164    102    
222    96    184    191    165    87    
223    97    185    220    230    206    198    86    
224    104    248    231    201    
225    105    249    220    68    
226    110    250    243    215    193    
227    111    251    248    194    
228    118    166    156    215    247    60    
229    119    167    190    210    
230    120    168    231    223    205    63    195    233    
231    121    169    188    230    150    224    
232    122    129    217    199    125    193    
233    123    230    236    214    
234    130    178    209    161    201    
235    131    179    164    156    
236    136    184    237    211    253    233    155    
237    137    185    164    236    214    242    152    
238    144    202    252    254    
239    145    203    253    255    
240    152    64    210    217    
241    153    65    211    160    194    
242    158    70    212    237    
243    159    71    213    226    
244    170    218    191    103    
245    171    219    164    182    
246    56    247    192    
247    57    228    246    192    
248    104    224    103    227    148    
249    105    225    220    198    
250    110    226    183    161    
251    111    227    200    154    
252    144    238    181    217    
253    145    239    164    236    
254    202    238    190    165    
255    203    239    103    154    200    
