0	4095
1	2048
2	4093
3	2050
4	4091
5	2052
6	4089
7	2054
8	4087
9	2056
10	4085
11	2058
12	4083
13	2060
14	4081
15	2062
16	4079
17	2064
18	4077
19	2066
20	4075
21	2068
22	4073
23	2070
24	4071
25	2072
26	4069
27	2074
28	4067
29	2076
30	4065
31	2078
32	4063
33	2080
34	4061
35	2082
36	4059
37	2084
38	4057
39	2086
40	4055
41	2088
42	4053
43	2090
44	4051
45	2092
46	4049
47	2094
48	4047
49	2096
50	4045
51	2098
52	4043
53	2100
54	4041
55	2102
56	4039
57	2104
58	4037
59	2106
60	4035
61	2108
62	4033
63	2110
64	4031
65	2112
66	4029
67	2114
68	4027
69	2116
70	4025
71	2118
72	4023
73	2120
74	4021
75	2122
76	4019
77	2124
78	4017
79	2126
80	4015
81	2128
82	4013
83	2130
84	4011
85	2132
86	4009
87	2134
88	4007
89	2136
90	4005
91	2138
92	4003
93	2140
94	4001
95	2142
96	3999
97	2144
98	3997
99	2146
100	3995
101	2148
102	3993
103	2150
104	3991
105	2152
106	3989
107	2154
108	3987
109	2156
110	3985
111	2158
112	3983
113	2160
114	3981
115	2162
116	3979
117	2164
118	3977
119	2166
120	3975
121	2168
122	3973
123	2170
124	3971
125	2172
126	3969
127	2174
128	3967
129	2176
130	3965
131	2178
132	3963
133	2180
134	3961
135	2182
136	3959
137	2184
138	3957
139	2186
140	3955
141	2188
142	3953
143	2190
144	3951
145	2192
146	3949
147	2194
148	3947
149	2196
150	3945
151	2198
152	3943
153	2200
154	3941
155	2202
156	3939
157	2204
158	3937
159	2206
160	3935
161	2208
162	3933
163	2210
164	3931
165	2212
166	3929
167	2214
168	3927
169	2216
170	3925
171	2218
172	3923
173	2220
174	3921
175	2222
176	3919
177	2224
178	3917
179	2226
180	3915
181	2228
182	3913
183	2230
184	3911
185	2232
186	3909
187	2234
188	3907
189	2236
190	3905
191	2238
192	3903
193	2240
194	3901
195	2242
196	3899
197	2244
198	3897
199	2246
200	3895
201	2248
202	3893
203	2250
204	3891
205	2252
206	3889
207	2254
208	3887
209	2256
210	3885
211	2258
212	3883
213	2260
214	3881
215	2262
216	3879
217	2264
218	3877
219	2266
220	3875
221	2268
222	3873
223	2270
224	3871
225	2272
226	3869
227	2274
228	3867
229	2276
230	3865
231	2278
232	3863
233	2280
234	3861
235	2282
236	3859
237	2284
238	3857
239	2286
240	3855
241	2288
242	3853
243	2290
244	3851
245	2292
246	3849
247	2294
248	3847
249	2296
250	3845
251	2298
252	3843
253	2300
254	3841
255	2302
256	3839
257	2304
258	3837
259	2306
260	3835
261	2308
262	3833
263	2310
264	3831
265	2312
266	3829
267	2314
268	3827
269	2316
270	3825
271	2318
272	3823
273	2320
274	3821
275	2322
276	3819
277	2324
278	3817
279	2326
280	3815
281	2328
282	3813
283	2330
284	3811
285	2332
286	3809
287	2334
288	3807
289	2336
290	3805
291	2338
292	3803
293	2340
294	3801
295	2342
296	3799
297	2344
298	3797
299	2346
300	3795
301	2348
302	3793
303	2350
304	3791
305	2352
306	3789
307	2354
308	3787
309	2356
310	3785
311	2358
312	3783
313	2360
314	3781
315	2362
316	3779
317	2364
318	3777
319	2366
320	3775
321	2368
322	3773
323	2370
324	3771
325	2372
326	3769
327	2374
328	3767
329	2376
330	3765
331	2378
332	3763
333	2380
334	3761
335	2382
336	3759
337	2384
338	3757
339	2386
340	3755
341	2388
342	3753
343	2390
344	3751
345	2392
346	3749
347	2394
348	3747
349	2396
350	3745
351	2398
352	3743
353	2400
354	3741
355	2402
356	3739
357	2404
358	3737
359	2406
360	3735
361	2408
362	3733
363	2410
364	3731
365	2412
366	3729
367	2414
368	3727
369	2416
370	3725
371	2418
372	3723
373	2420
374	3721
375	2422
376	3719
377	2424
378	3717
379	2426
380	3715
381	2428
382	3713
383	2430
384	3711
385	2432
386	3709
387	2434
388	3707
389	2436
390	3705
391	2438
392	3703
393	2440
394	3701
395	2442
396	3699
397	2444
398	3697
399	2446
400	3695
401	2448
402	3693
403	2450
404	3691
405	2452
406	3689
407	2454
408	3687
409	2456
410	3685
411	2458
412	3683
413	2460
414	3681
415	2462
416	3679
417	2464
418	3677
419	2466
420	3675
421	2468
422	3673
423	2470
424	3671
425	2472
426	3669
427	2474
428	3667
429	2476
430	3665
431	2478
432	3663
433	2480
434	3661
435	2482
436	3659
437	2484
438	3657
439	2486
440	3655
441	2488
442	3653
443	2490
444	3651
445	2492
446	3649
447	2494
448	3647
449	2496
450	3645
451	2498
452	3643
453	2500
454	3641
455	2502
456	3639
457	2504
458	3637
459	2506
460	3635
461	2508
462	3633
463	2510
464	3631
465	2512
466	3629
467	2514
468	3627
469	2516
470	3625
471	2518
472	3623
473	2520
474	3621
475	2522
476	3619
477	2524
478	3617
479	2526
480	3615
481	2528
482	3613
483	2530
484	3611
485	2532
486	3609
487	2534
488	3607
489	2536
490	3605
491	2538
492	3603
493	2540
494	3601
495	2542
496	3599
497	2544
498	3597
499	2546
500	3595
501	2548
502	3593
503	2550
504	3591
505	2552
506	3589
507	2554
508	3587
509	2556
510	3585
511	2558
512	3583
513	2560
514	3581
515	2562
516	3579
517	2564
518	3577
519	2566
520	3575
521	2568
522	3573
523	2570
524	3571
525	2572
526	3569
527	2574
528	3567
529	2576
530	3565
531	2578
532	3563
533	2580
534	3561
535	2582
536	3559
537	2584
538	3557
539	2586
540	3555
541	2588
542	3553
543	2590
544	3551
545	2592
546	3549
547	2594
548	3547
549	2596
550	3545
551	2598
552	3543
553	2600
554	3541
555	2602
556	3539
557	2604
558	3537
559	2606
560	3535
561	2608
562	3533
563	2610
564	3531
565	2612
566	3529
567	2614
568	3527
569	2616
570	3525
571	2618
572	3523
573	2620
574	3521
575	2622
576	3519
577	2624
578	3517
579	2626
580	3515
581	2628
582	3513
583	2630
584	3511
585	2632
586	3509
587	2634
588	3507
589	2636
590	3505
591	2638
592	3503
593	2640
594	3501
595	2642
596	3499
597	2644
598	3497
599	2646
600	3495
601	2648
602	3493
603	2650
604	3491
605	2652
606	3489
607	2654
608	3487
609	2656
610	3485
611	2658
612	3483
613	2660
614	3481
615	2662
616	3479
617	2664
618	3477
619	2666
620	3475
621	2668
622	3473
623	2670
624	3471
625	2672
626	3469
627	2674
628	3467
629	2676
630	3465
631	2678
632	3463
633	2680
634	3461
635	2682
636	3459
637	2684
638	3457
639	2686
640	3455
641	2688
642	3453
643	2690
644	3451
645	2692
646	3449
647	2694
648	3447
649	2696
650	3445
651	2698
652	3443
653	2700
654	3441
655	2702
656	3439
657	2704
658	3437
659	2706
660	3435
661	2708
662	3433
663	2710
664	3431
665	2712
666	3429
667	2714
668	3427
669	2716
670	3425
671	2718
672	3423
673	2720
674	3421
675	2722
676	3419
677	2724
678	3417
679	2726
680	3415
681	2728
682	3413
683	2730
684	3411
685	2732
686	3409
687	2734
688	3407
689	2736
690	3405
691	2738
692	3403
693	2740
694	3401
695	2742
696	3399
697	2744
698	3397
699	2746
700	3395
701	2748
702	3393
703	2750
704	3391
705	2752
706	3389
707	2754
708	3387
709	2756
710	3385
711	2758
712	3383
713	2760
714	3381
715	2762
716	3379
717	2764
718	3377
719	2766
720	3375
721	2768
722	3373
723	2770
724	3371
725	2772
726	3369
727	2774
728	3367
729	2776
730	3365
731	2778
732	3363
733	2780
734	3361
735	2782
736	3359
737	2784
738	3357
739	2786
740	3355
741	2788
742	3353
743	2790
744	3351
745	2792
746	3349
747	2794
748	3347
749	2796
750	3345
751	2798
752	3343
753	2800
754	3341
755	2802
756	3339
757	2804
758	3337
759	2806
760	3335
761	2808
762	3333
763	2810
764	3331
765	2812
766	3329
767	2814
768	3327
769	2816
770	3325
771	2818
772	3323
773	2820
774	3321
775	2822
776	3319
777	2824
778	3317
779	2826
780	3315
781	2828
782	3313
783	2830
784	3311
785	2832
786	3309
787	2834
788	3307
789	2836
790	3305
791	2838
792	3303
793	2840
794	3301
795	2842
796	3299
797	2844
798	3297
799	2846
800	3295
801	2848
802	3293
803	2850
804	3291
805	2852
806	3289
807	2854
808	3287
809	2856
810	3285
811	2858
812	3283
813	2860
814	3281
815	2862
816	3279
817	2864
818	3277
819	2866
820	3275
821	2868
822	3273
823	2870
824	3271
825	2872
826	3269
827	2874
828	3267
829	2876
830	3265
831	2878
832	3263
833	2880
834	3261
835	2882
836	3259
837	2884
838	3257
839	2886
840	3255
841	2888
842	3253
843	2890
844	3251
845	2892
846	3249
847	2894
848	3247
849	2896
850	3245
851	2898
852	3243
853	2900
854	3241
855	2902
856	3239
857	2904
858	3237
859	2906
860	3235
861	2908
862	3233
863	2910
864	3231
865	2912
866	3229
867	2914
868	3227
869	2916
870	3225
871	2918
872	3223
873	2920
874	3221
875	2922
876	3219
877	2924
878	3217
879	2926
880	3215
881	2928
882	3213
883	2930
884	3211
885	2932
886	3209
887	2934
888	3207
889	2936
890	3205
891	2938
892	3203
893	2940
894	3201
895	2942
896	3199
897	2944
898	3197
899	2946
900	3195
901	2948
902	3193
903	2950
904	3191
905	2952
906	3189
907	2954
908	3187
909	2956
910	3185
911	2958
912	3183
913	2960
914	3181
915	2962
916	3179
917	2964
918	3177
919	2966
920	3175
921	2968
922	3173
923	2970
924	3171
925	2972
926	3169
927	2974
928	3167
929	2976
930	3165
931	2978
932	3163
933	2980
934	3161
935	2982
936	3159
937	2984
938	3157
939	2986
940	3155
941	2988
942	3153
943	2990
944	3151
945	2992
946	3149
947	2994
948	3147
949	2996
950	3145
951	2998
952	3143
953	3000
954	3141
955	3002
956	3139
957	3004
958	3137
959	3006
960	3135
961	3008
962	3133
963	3010
964	3131
965	3012
966	3129
967	3014
968	3127
969	3016
970	3125
971	3018
972	3123
973	3020
974	3121
975	3022
976	3119
977	3024
978	3117
979	3026
980	3115
981	3028
982	3113
983	3030
984	3111
985	3032
986	3109
987	3034
988	3107
989	3036
990	3105
991	3038
992	3103
993	3040
994	3101
995	3042
996	3099
997	3044
998	3097
999	3046
1000	3095
1001	3048
1002	3093
1003	3050
1004	3091
1005	3052
1006	3089
1007	3054
1008	3087
1009	3056
1010	3085
1011	3058
1012	3083
1013	3060
1014	3081
1015	3062
1016	3079
1017	3064
1018	3077
1019	3066
1020	3075
1021	3068
1022	3073
1023	3070
1024	3071
1025	3072
1026	3069
1027	3074
1028	3067
1029	3076
1030	3065
1031	3078
1032	3063
1033	3080
1034	3061
1035	3082
1036	3059
1037	3084
1038	3057
1039	3086
1040	3055
1041	3088
1042	3053
1043	3090
1044	3051
1045	3092
1046	3049
1047	3094
1048	3047
1049	3096
1050	3045
1051	3098
1052	3043
1053	3100
1054	3041
1055	3102
1056	3039
1057	3104
1058	3037
1059	3106
1060	3035
1061	3108
1062	3033
1063	3110
1064	3031
1065	3112
1066	3029
1067	3114
1068	3027
1069	3116
1070	3025
1071	3118
1072	3023
1073	3120
1074	3021
1075	3122
1076	3019
1077	3124
1078	3017
1079	3126
1080	3015
1081	3128
1082	3013
1083	3130
1084	3011
1085	3132
1086	3009
1087	3134
1088	3007
1089	3136
1090	3005
1091	3138
1092	3003
1093	3140
1094	3001
1095	3142
1096	2999
1097	3144
1098	2997
1099	3146
1100	2995
1101	3148
1102	2993
1103	3150
1104	2991
1105	3152
1106	2989
1107	3154
1108	2987
1109	3156
1110	2985
1111	3158
1112	2983
1113	3160
1114	2981
1115	3162
1116	2979
1117	3164
1118	2977
1119	3166
1120	2975
1121	3168
1122	2973
1123	3170
1124	2971
1125	3172
1126	2969
1127	3174
1128	2967
1129	3176
1130	2965
1131	3178
1132	2963
1133	3180
1134	2961
1135	3182
1136	2959
1137	3184
1138	2957
1139	3186
1140	2955
1141	3188
1142	2953
1143	3190
1144	2951
1145	3192
1146	2949
1147	3194
1148	2947
1149	3196
1150	2945
1151	3198
1152	2943
1153	3200
1154	2941
1155	3202
1156	2939
1157	3204
1158	2937
1159	3206
1160	2935
1161	3208
1162	2933
1163	3210
1164	2931
1165	3212
1166	2929
1167	3214
1168	2927
1169	3216
1170	2925
1171	3218
1172	2923
1173	3220
1174	2921
1175	3222
1176	2919
1177	3224
1178	2917
1179	3226
1180	2915
1181	3228
1182	2913
1183	3230
1184	2911
1185	3232
1186	2909
1187	3234
1188	2907
1189	3236
1190	2905
1191	3238
1192	2903
1193	3240
1194	2901
1195	3242
1196	2899
1197	3244
1198	2897
1199	3246
1200	2895
1201	3248
1202	2893
1203	3250
1204	2891
1205	3252
1206	2889
1207	3254
1208	2887
1209	3256
1210	2885
1211	3258
1212	2883
1213	3260
1214	2881
1215	3262
1216	2879
1217	3264
1218	2877
1219	3266
1220	2875
1221	3268
1222	2873
1223	3270
1224	2871
1225	3272
1226	2869
1227	3274
1228	2867
1229	3276
1230	2865
1231	3278
1232	2863
1233	3280
1234	2861
1235	3282
1236	2859
1237	3284
1238	2857
1239	3286
1240	2855
1241	3288
1242	2853
1243	3290
1244	2851
1245	3292
1246	2849
1247	3294
1248	2847
1249	3296
1250	2845
1251	3298
1252	2843
1253	3300
1254	2841
1255	3302
1256	2839
1257	3304
1258	2837
1259	3306
1260	2835
1261	3308
1262	2833
1263	3310
1264	2831
1265	3312
1266	2829
1267	3314
1268	2827
1269	3316
1270	2825
1271	3318
1272	2823
1273	3320
1274	2821
1275	3322
1276	2819
1277	3324
1278	2817
1279	3326
1280	2815
1281	3328
1282	2813
1283	3330
1284	2811
1285	3332
1286	2809
1287	3334
1288	2807
1289	3336
1290	2805
1291	3338
1292	2803
1293	3340
1294	2801
1295	3342
1296	2799
1297	3344
1298	2797
1299	3346
1300	2795
1301	3348
1302	2793
1303	3350
1304	2791
1305	3352
1306	2789
1307	3354
1308	2787
1309	3356
1310	2785
1311	3358
1312	2783
1313	3360
1314	2781
1315	3362
1316	2779
1317	3364
1318	2777
1319	3366
1320	2775
1321	3368
1322	2773
1323	3370
1324	2771
1325	3372
1326	2769
1327	3374
1328	2767
1329	3376
1330	2765
1331	3378
1332	2763
1333	3380
1334	2761
1335	3382
1336	2759
1337	3384
1338	2757
1339	3386
1340	2755
1341	3388
1342	2753
1343	3390
1344	2751
1345	3392
1346	2749
1347	3394
1348	2747
1349	3396
1350	2745
1351	3398
1352	2743
1353	3400
1354	2741
1355	3402
1356	2739
1357	3404
1358	2737
1359	3406
1360	2735
1361	3408
1362	2733
1363	3410
1364	2731
1365	3412
1366	2729
1367	3414
1368	2727
1369	3416
1370	2725
1371	3418
1372	2723
1373	3420
1374	2721
1375	3422
1376	2719
1377	3424
1378	2717
1379	3426
1380	2715
1381	3428
1382	2713
1383	3430
1384	2711
1385	3432
1386	2709
1387	3434
1388	2707
1389	3436
1390	2705
1391	3438
1392	2703
1393	3440
1394	2701
1395	3442
1396	2699
1397	3444
1398	2697
1399	3446
1400	2695
1401	3448
1402	2693
1403	3450
1404	2691
1405	3452
1406	2689
1407	3454
1408	2687
1409	3456
1410	2685
1411	3458
1412	2683
1413	3460
1414	2681
1415	3462
1416	2679
1417	3464
1418	2677
1419	3466
1420	2675
1421	3468
1422	2673
1423	3470
1424	2671
1425	3472
1426	2669
1427	3474
1428	2667
1429	3476
1430	2665
1431	3478
1432	2663
1433	3480
1434	2661
1435	3482
1436	2659
1437	3484
1438	2657
1439	3486
1440	2655
1441	3488
1442	2653
1443	3490
1444	2651
1445	3492
1446	2649
1447	3494
1448	2647
1449	3496
1450	2645
1451	3498
1452	2643
1453	3500
1454	2641
1455	3502
1456	2639
1457	3504
1458	2637
1459	3506
1460	2635
1461	3508
1462	2633
1463	3510
1464	2631
1465	3512
1466	2629
1467	3514
1468	2627
1469	3516
1470	2625
1471	3518
1472	2623
1473	3520
1474	2621
1475	3522
1476	2619
1477	3524
1478	2617
1479	3526
1480	2615
1481	3528
1482	2613
1483	3530
1484	2611
1485	3532
1486	2609
1487	3534
1488	2607
1489	3536
1490	2605
1491	3538
1492	2603
1493	3540
1494	2601
1495	3542
1496	2599
1497	3544
1498	2597
1499	3546
1500	2595
1501	3548
1502	2593
1503	3550
1504	2591
1505	3552
1506	2589
1507	3554
1508	2587
1509	3556
1510	2585
1511	3558
1512	2583
1513	3560
1514	2581
1515	3562
1516	2579
1517	3564
1518	2577
1519	3566
1520	2575
1521	3568
1522	2573
1523	3570
1524	2571
1525	3572
1526	2569
1527	3574
1528	2567
1529	3576
1530	2565
1531	3578
1532	2563
1533	3580
1534	2561
1535	3582
1536	2559
1537	3584
1538	2557
1539	3586
1540	2555
1541	3588
1542	2553
1543	3590
1544	2551
1545	3592
1546	2549
1547	3594
1548	2547
1549	3596
1550	2545
1551	3598
1552	2543
1553	3600
1554	2541
1555	3602
1556	2539
1557	3604
1558	2537
1559	3606
1560	2535
1561	3608
1562	2533
1563	3610
1564	2531
1565	3612
1566	2529
1567	3614
1568	2527
1569	3616
1570	2525
1571	3618
1572	2523
1573	3620
1574	2521
1575	3622
1576	2519
1577	3624
1578	2517
1579	3626
1580	2515
1581	3628
1582	2513
1583	3630
1584	2511
1585	3632
1586	2509
1587	3634
1588	2507
1589	3636
1590	2505
1591	3638
1592	2503
1593	3640
1594	2501
1595	3642
1596	2499
1597	3644
1598	2497
1599	3646
1600	2495
1601	3648
1602	2493
1603	3650
1604	2491
1605	3652
1606	2489
1607	3654
1608	2487
1609	3656
1610	2485
1611	3658
1612	2483
1613	3660
1614	2481
1615	3662
1616	2479
1617	3664
1618	2477
1619	3666
1620	2475
1621	3668
1622	2473
1623	3670
1624	2471
1625	3672
1626	2469
1627	3674
1628	2467
1629	3676
1630	2465
1631	3678
1632	2463
1633	3680
1634	2461
1635	3682
1636	2459
1637	3684
1638	2457
1639	3686
1640	2455
1641	3688
1642	2453
1643	3690
1644	2451
1645	3692
1646	2449
1647	3694
1648	2447
1649	3696
1650	2445
1651	3698
1652	2443
1653	3700
1654	2441
1655	3702
1656	2439
1657	3704
1658	2437
1659	3706
1660	2435
1661	3708
1662	2433
1663	3710
1664	2431
1665	3712
1666	2429
1667	3714
1668	2427
1669	3716
1670	2425
1671	3718
1672	2423
1673	3720
1674	2421
1675	3722
1676	2419
1677	3724
1678	2417
1679	3726
1680	2415
1681	3728
1682	2413
1683	3730
1684	2411
1685	3732
1686	2409
1687	3734
1688	2407
1689	3736
1690	2405
1691	3738
1692	2403
1693	3740
1694	2401
1695	3742
1696	2399
1697	3744
1698	2397
1699	3746
1700	2395
1701	3748
1702	2393
1703	3750
1704	2391
1705	3752
1706	2389
1707	3754
1708	2387
1709	3756
1710	2385
1711	3758
1712	2383
1713	3760
1714	2381
1715	3762
1716	2379
1717	3764
1718	2377
1719	3766
1720	2375
1721	3768
1722	2373
1723	3770
1724	2371
1725	3772
1726	2369
1727	3774
1728	2367
1729	3776
1730	2365
1731	3778
1732	2363
1733	3780
1734	2361
1735	3782
1736	2359
1737	3784
1738	2357
1739	3786
1740	2355
1741	3788
1742	2353
1743	3790
1744	2351
1745	3792
1746	2349
1747	3794
1748	2347
1749	3796
1750	2345
1751	3798
1752	2343
1753	3800
1754	2341
1755	3802
1756	2339
1757	3804
1758	2337
1759	3806
1760	2335
1761	3808
1762	2333
1763	3810
1764	2331
1765	3812
1766	2329
1767	3814
1768	2327
1769	3816
1770	2325
1771	3818
1772	2323
1773	3820
1774	2321
1775	3822
1776	2319
1777	3824
1778	2317
1779	3826
1780	2315
1781	3828
1782	2313
1783	3830
1784	2311
1785	3832
1786	2309
1787	3834
1788	2307
1789	3836
1790	2305
1791	3838
1792	2303
1793	3840
1794	2301
1795	3842
1796	2299
1797	3844
1798	2297
1799	3846
1800	2295
1801	3848
1802	2293
1803	3850
1804	2291
1805	3852
1806	2289
1807	3854
1808	2287
1809	3856
1810	2285
1811	3858
1812	2283
1813	3860
1814	2281
1815	3862
1816	2279
1817	3864
1818	2277
1819	3866
1820	2275
1821	3868
1822	2273
1823	3870
1824	2271
1825	3872
1826	2269
1827	3874
1828	2267
1829	3876
1830	2265
1831	3878
1832	2263
1833	3880
1834	2261
1835	3882
1836	2259
1837	3884
1838	2257
1839	3886
1840	2255
1841	3888
1842	2253
1843	3890
1844	2251
1845	3892
1846	2249
1847	3894
1848	2247
1849	3896
1850	2245
1851	3898
1852	2243
1853	3900
1854	2241
1855	3902
1856	2239
1857	3904
1858	2237
1859	3906
1860	2235
1861	3908
1862	2233
1863	3910
1864	2231
1865	3912
1866	2229
1867	3914
1868	2227
1869	3916
1870	2225
1871	3918
1872	2223
1873	3920
1874	2221
1875	3922
1876	2219
1877	3924
1878	2217
1879	3926
1880	2215
1881	3928
1882	2213
1883	3930
1884	2211
1885	3932
1886	2209
1887	3934
1888	2207
1889	3936
1890	2205
1891	3938
1892	2203
1893	3940
1894	2201
1895	3942
1896	2199
1897	3944
1898	2197
1899	3946
1900	2195
1901	3948
1902	2193
1903	3950
1904	2191
1905	3952
1906	2189
1907	3954
1908	2187
1909	3956
1910	2185
1911	3958
1912	2183
1913	3960
1914	2181
1915	3962
1916	2179
1917	3964
1918	2177
1919	3966
1920	2175
1921	3968
1922	2173
1923	3970
1924	2171
1925	3972
1926	2169
1927	3974
1928	2167
1929	3976
1930	2165
1931	3978
1932	2163
1933	3980
1934	2161
1935	3982
1936	2159
1937	3984
1938	2157
1939	3986
1940	2155
1941	3988
1942	2153
1943	3990
1944	2151
1945	3992
1946	2149
1947	3994
1948	2147
1949	3996
1950	2145
1951	3998
1952	2143
1953	4000
1954	2141
1955	4002
1956	2139
1957	4004
1958	2137
1959	4006
1960	2135
1961	4008
1962	2133
1963	4010
1964	2131
1965	4012
1966	2129
1967	4014
1968	2127
1969	4016
1970	2125
1971	4018
1972	2123
1973	4020
1974	2121
1975	4022
1976	2119
1977	4024
1978	2117
1979	4026
1980	2115
1981	4028
1982	2113
1983	4030
1984	2111
1985	4032
1986	2109
1987	4034
1988	2107
1989	4036
1990	2105
1991	4038
1992	2103
1993	4040
1994	2101
1995	4042
1996	2099
1997	4044
1998	2097
1999	4046
2000	2095
2001	4048
2002	2093
2003	4050
2004	2091
2005	4052
2006	2089
2007	4054
2008	2087
2009	4056
2010	2085
2011	4058
2012	2083
2013	4060
2014	2081
2015	4062
2016	2079
2017	4064
2018	2077
2019	4066
2020	2075
2021	4068
2022	2073
2023	4070
2024	2071
2025	4072
2026	2069
2027	4074
2028	2067
2029	4076
2030	2065
2031	4078
2032	2063
2033	4080
2034	2061
2035	4082
2036	2059
2037	4084
2038	2057
2039	4086
2040	2055
2041	4088
2042	2053
2043	4090
2044	2051
2045	4092
2046	2049
2047	4094
2048	1
2049	2046
2050	3
2051	2044
2052	5
2053	2042
2054	7
2055	2040
2056	9
2057	2038
2058	11
2059	2036
2060	13
2061	2034
2062	15
2063	2032
2064	17
2065	2030
2066	19
2067	2028
2068	21
2069	2026
2070	23
2071	2024
2072	25
2073	2022
2074	27
2075	2020
2076	29
2077	2018
2078	31
2079	2016
2080	33
2081	2014
2082	35
2083	2012
2084	37
2085	2010
2086	39
2087	2008
2088	41
2089	2006
2090	43
2091	2004
2092	45
2093	2002
2094	47
2095	2000
2096	49
2097	1998
2098	51
2099	1996
2100	53
2101	1994
2102	55
2103	1992
2104	57
2105	1990
2106	59
2107	1988
2108	61
2109	1986
2110	63
2111	1984
2112	65
2113	1982
2114	67
2115	1980
2116	69
2117	1978
2118	71
2119	1976
2120	73
2121	1974
2122	75
2123	1972
2124	77
2125	1970
2126	79
2127	1968
2128	81
2129	1966
2130	83
2131	1964
2132	85
2133	1962
2134	87
2135	1960
2136	89
2137	1958
2138	91
2139	1956
2140	93
2141	1954
2142	95
2143	1952
2144	97
2145	1950
2146	99
2147	1948
2148	101
2149	1946
2150	103
2151	1944
2152	105
2153	1942
2154	107
2155	1940
2156	109
2157	1938
2158	111
2159	1936
2160	113
2161	1934
2162	115
2163	1932
2164	117
2165	1930
2166	119
2167	1928
2168	121
2169	1926
2170	123
2171	1924
2172	125
2173	1922
2174	127
2175	1920
2176	129
2177	1918
2178	131
2179	1916
2180	133
2181	1914
2182	135
2183	1912
2184	137
2185	1910
2186	139
2187	1908
2188	141
2189	1906
2190	143
2191	1904
2192	145
2193	1902
2194	147
2195	1900
2196	149
2197	1898
2198	151
2199	1896
2200	153
2201	1894
2202	155
2203	1892
2204	157
2205	1890
2206	159
2207	1888
2208	161
2209	1886
2210	163
2211	1884
2212	165
2213	1882
2214	167
2215	1880
2216	169
2217	1878
2218	171
2219	1876
2220	173
2221	1874
2222	175
2223	1872
2224	177
2225	1870
2226	179
2227	1868
2228	181
2229	1866
2230	183
2231	1864
2232	185
2233	1862
2234	187
2235	1860
2236	189
2237	1858
2238	191
2239	1856
2240	193
2241	1854
2242	195
2243	1852
2244	197
2245	1850
2246	199
2247	1848
2248	201
2249	1846
2250	203
2251	1844
2252	205
2253	1842
2254	207
2255	1840
2256	209
2257	1838
2258	211
2259	1836
2260	213
2261	1834
2262	215
2263	1832
2264	217
2265	1830
2266	219
2267	1828
2268	221
2269	1826
2270	223
2271	1824
2272	225
2273	1822
2274	227
2275	1820
2276	229
2277	1818
2278	231
2279	1816
2280	233
2281	1814
2282	235
2283	1812
2284	237
2285	1810
2286	239
2287	1808
2288	241
2289	1806
2290	243
2291	1804
2292	245
2293	1802
2294	247
2295	1800
2296	249
2297	1798
2298	251
2299	1796
2300	253
2301	1794
2302	255
2303	1792
2304	257
2305	1790
2306	259
2307	1788
2308	261
2309	1786
2310	263
2311	1784
2312	265
2313	1782
2314	267
2315	1780
2316	269
2317	1778
2318	271
2319	1776
2320	273
2321	1774
2322	275
2323	1772
2324	277
2325	1770
2326	279
2327	1768
2328	281
2329	1766
2330	283
2331	1764
2332	285
2333	1762
2334	287
2335	1760
2336	289
2337	1758
2338	291
2339	1756
2340	293
2341	1754
2342	295
2343	1752
2344	297
2345	1750
2346	299
2347	1748
2348	301
2349	1746
2350	303
2351	1744
2352	305
2353	1742
2354	307
2355	1740
2356	309
2357	1738
2358	311
2359	1736
2360	313
2361	1734
2362	315
2363	1732
2364	317
2365	1730
2366	319
2367	1728
2368	321
2369	1726
2370	323
2371	1724
2372	325
2373	1722
2374	327
2375	1720
2376	329
2377	1718
2378	331
2379	1716
2380	333
2381	1714
2382	335
2383	1712
2384	337
2385	1710
2386	339
2387	1708
2388	341
2389	1706
2390	343
2391	1704
2392	345
2393	1702
2394	347
2395	1700
2396	349
2397	1698
2398	351
2399	1696
2400	353
2401	1694
2402	355
2403	1692
2404	357
2405	1690
2406	359
2407	1688
2408	361
2409	1686
2410	363
2411	1684
2412	365
2413	1682
2414	367
2415	1680
2416	369
2417	1678
2418	371
2419	1676
2420	373
2421	1674
2422	375
2423	1672
2424	377
2425	1670
2426	379
2427	1668
2428	381
2429	1666
2430	383
2431	1664
2432	385
2433	1662
2434	387
2435	1660
2436	389
2437	1658
2438	391
2439	1656
2440	393
2441	1654
2442	395
2443	1652
2444	397
2445	1650
2446	399
2447	1648
2448	401
2449	1646
2450	403
2451	1644
2452	405
2453	1642
2454	407
2455	1640
2456	409
2457	1638
2458	411
2459	1636
2460	413
2461	1634
2462	415
2463	1632
2464	417
2465	1630
2466	419
2467	1628
2468	421
2469	1626
2470	423
2471	1624
2472	425
2473	1622
2474	427
2475	1620
2476	429
2477	1618
2478	431
2479	1616
2480	433
2481	1614
2482	435
2483	1612
2484	437
2485	1610
2486	439
2487	1608
2488	441
2489	1606
2490	443
2491	1604
2492	445
2493	1602
2494	447
2495	1600
2496	449
2497	1598
2498	451
2499	1596
2500	453
2501	1594
2502	455
2503	1592
2504	457
2505	1590
2506	459
2507	1588
2508	461
2509	1586
2510	463
2511	1584
2512	465
2513	1582
2514	467
2515	1580
2516	469
2517	1578
2518	471
2519	1576
2520	473
2521	1574
2522	475
2523	1572
2524	477
2525	1570
2526	479
2527	1568
2528	481
2529	1566
2530	483
2531	1564
2532	485
2533	1562
2534	487
2535	1560
2536	489
2537	1558
2538	491
2539	1556
2540	493
2541	1554
2542	495
2543	1552
2544	497
2545	1550
2546	499
2547	1548
2548	501
2549	1546
2550	503
2551	1544
2552	505
2553	1542
2554	507
2555	1540
2556	509
2557	1538
2558	511
2559	1536
2560	513
2561	1534
2562	515
2563	1532
2564	517
2565	1530
2566	519
2567	1528
2568	521
2569	1526
2570	523
2571	1524
2572	525
2573	1522
2574	527
2575	1520
2576	529
2577	1518
2578	531
2579	1516
2580	533
2581	1514
2582	535
2583	1512
2584	537
2585	1510
2586	539
2587	1508
2588	541
2589	1506
2590	543
2591	1504
2592	545
2593	1502
2594	547
2595	1500
2596	549
2597	1498
2598	551
2599	1496
2600	553
2601	1494
2602	555
2603	1492
2604	557
2605	1490
2606	559
2607	1488
2608	561
2609	1486
2610	563
2611	1484
2612	565
2613	1482
2614	567
2615	1480
2616	569
2617	1478
2618	571
2619	1476
2620	573
2621	1474
2622	575
2623	1472
2624	577
2625	1470
2626	579
2627	1468
2628	581
2629	1466
2630	583
2631	1464
2632	585
2633	1462
2634	587
2635	1460
2636	589
2637	1458
2638	591
2639	1456
2640	593
2641	1454
2642	595
2643	1452
2644	597
2645	1450
2646	599
2647	1448
2648	601
2649	1446
2650	603
2651	1444
2652	605
2653	1442
2654	607
2655	1440
2656	609
2657	1438
2658	611
2659	1436
2660	613
2661	1434
2662	615
2663	1432
2664	617
2665	1430
2666	619
2667	1428
2668	621
2669	1426
2670	623
2671	1424
2672	625
2673	1422
2674	627
2675	1420
2676	629
2677	1418
2678	631
2679	1416
2680	633
2681	1414
2682	635
2683	1412
2684	637
2685	1410
2686	639
2687	1408
2688	641
2689	1406
2690	643
2691	1404
2692	645
2693	1402
2694	647
2695	1400
2696	649
2697	1398
2698	651
2699	1396
2700	653
2701	1394
2702	655
2703	1392
2704	657
2705	1390
2706	659
2707	1388
2708	661
2709	1386
2710	663
2711	1384
2712	665
2713	1382
2714	667
2715	1380
2716	669
2717	1378
2718	671
2719	1376
2720	673
2721	1374
2722	675
2723	1372
2724	677
2725	1370
2726	679
2727	1368
2728	681
2729	1366
2730	683
2731	1364
2732	685
2733	1362
2734	687
2735	1360
2736	689
2737	1358
2738	691
2739	1356
2740	693
2741	1354
2742	695
2743	1352
2744	697
2745	1350
2746	699
2747	1348
2748	701
2749	1346
2750	703
2751	1344
2752	705
2753	1342
2754	707
2755	1340
2756	709
2757	1338
2758	711
2759	1336
2760	713
2761	1334
2762	715
2763	1332
2764	717
2765	1330
2766	719
2767	1328
2768	721
2769	1326
2770	723
2771	1324
2772	725
2773	1322
2774	727
2775	1320
2776	729
2777	1318
2778	731
2779	1316
2780	733
2781	1314
2782	735
2783	1312
2784	737
2785	1310
2786	739
2787	1308
2788	741
2789	1306
2790	743
2791	1304
2792	745
2793	1302
2794	747
2795	1300
2796	749
2797	1298
2798	751
2799	1296
2800	753
2801	1294
2802	755
2803	1292
2804	757
2805	1290
2806	759
2807	1288
2808	761
2809	1286
2810	763
2811	1284
2812	765
2813	1282
2814	767
2815	1280
2816	769
2817	1278
2818	771
2819	1276
2820	773
2821	1274
2822	775
2823	1272
2824	777
2825	1270
2826	779
2827	1268
2828	781
2829	1266
2830	783
2831	1264
2832	785
2833	1262
2834	787
2835	1260
2836	789
2837	1258
2838	791
2839	1256
2840	793
2841	1254
2842	795
2843	1252
2844	797
2845	1250
2846	799
2847	1248
2848	801
2849	1246
2850	803
2851	1244
2852	805
2853	1242
2854	807
2855	1240
2856	809
2857	1238
2858	811
2859	1236
2860	813
2861	1234
2862	815
2863	1232
2864	817
2865	1230
2866	819
2867	1228
2868	821
2869	1226
2870	823
2871	1224
2872	825
2873	1222
2874	827
2875	1220
2876	829
2877	1218
2878	831
2879	1216
2880	833
2881	1214
2882	835
2883	1212
2884	837
2885	1210
2886	839
2887	1208
2888	841
2889	1206
2890	843
2891	1204
2892	845
2893	1202
2894	847
2895	1200
2896	849
2897	1198
2898	851
2899	1196
2900	853
2901	1194
2902	855
2903	1192
2904	857
2905	1190
2906	859
2907	1188
2908	861
2909	1186
2910	863
2911	1184
2912	865
2913	1182
2914	867
2915	1180
2916	869
2917	1178
2918	871
2919	1176
2920	873
2921	1174
2922	875
2923	1172
2924	877
2925	1170
2926	879
2927	1168
2928	881
2929	1166
2930	883
2931	1164
2932	885
2933	1162
2934	887
2935	1160
2936	889
2937	1158
2938	891
2939	1156
2940	893
2941	1154
2942	895
2943	1152
2944	897
2945	1150
2946	899
2947	1148
2948	901
2949	1146
2950	903
2951	1144
2952	905
2953	1142
2954	907
2955	1140
2956	909
2957	1138
2958	911
2959	1136
2960	913
2961	1134
2962	915
2963	1132
2964	917
2965	1130
2966	919
2967	1128
2968	921
2969	1126
2970	923
2971	1124
2972	925
2973	1122
2974	927
2975	1120
2976	929
2977	1118
2978	931
2979	1116
2980	933
2981	1114
2982	935
2983	1112
2984	937
2985	1110
2986	939
2987	1108
2988	941
2989	1106
2990	943
2991	1104
2992	945
2993	1102
2994	947
2995	1100
2996	949
2997	1098
2998	951
2999	1096
3000	953
3001	1094
3002	955
3003	1092
3004	957
3005	1090
3006	959
3007	1088
3008	961
3009	1086
3010	963
3011	1084
3012	965
3013	1082
3014	967
3015	1080
3016	969
3017	1078
3018	971
3019	1076
3020	973
3021	1074
3022	975
3023	1072
3024	977
3025	1070
3026	979
3027	1068
3028	981
3029	1066
3030	983
3031	1064
3032	985
3033	1062
3034	987
3035	1060
3036	989
3037	1058
3038	991
3039	1056
3040	993
3041	1054
3042	995
3043	1052
3044	997
3045	1050
3046	999
3047	1048
3048	1001
3049	1046
3050	1003
3051	1044
3052	1005
3053	1042
3054	1007
3055	1040
3056	1009
3057	1038
3058	1011
3059	1036
3060	1013
3061	1034
3062	1015
3063	1032
3064	1017
3065	1030
3066	1019
3067	1028
3068	1021
3069	1026
3070	1023
3071	1024
3072	1025
3073	1022
3074	1027
3075	1020
3076	1029
3077	1018
3078	1031
3079	1016
3080	1033
3081	1014
3082	1035
3083	1012
3084	1037
3085	1010
3086	1039
3087	1008
3088	1041
3089	1006
3090	1043
3091	1004
3092	1045
3093	1002
3094	1047
3095	1000
3096	1049
3097	998
3098	1051
3099	996
3100	1053
3101	994
3102	1055
3103	992
3104	1057
3105	990
3106	1059
3107	988
3108	1061
3109	986
3110	1063
3111	984
3112	1065
3113	982
3114	1067
3115	980
3116	1069
3117	978
3118	1071
3119	976
3120	1073
3121	974
3122	1075
3123	972
3124	1077
3125	970
3126	1079
3127	968
3128	1081
3129	966
3130	1083
3131	964
3132	1085
3133	962
3134	1087
3135	960
3136	1089
3137	958
3138	1091
3139	956
3140	1093
3141	954
3142	1095
3143	952
3144	1097
3145	950
3146	1099
3147	948
3148	1101
3149	946
3150	1103
3151	944
3152	1105
3153	942
3154	1107
3155	940
3156	1109
3157	938
3158	1111
3159	936
3160	1113
3161	934
3162	1115
3163	932
3164	1117
3165	930
3166	1119
3167	928
3168	1121
3169	926
3170	1123
3171	924
3172	1125
3173	922
3174	1127
3175	920
3176	1129
3177	918
3178	1131
3179	916
3180	1133
3181	914
3182	1135
3183	912
3184	1137
3185	910
3186	1139
3187	908
3188	1141
3189	906
3190	1143
3191	904
3192	1145
3193	902
3194	1147
3195	900
3196	1149
3197	898
3198	1151
3199	896
3200	1153
3201	894
3202	1155
3203	892
3204	1157
3205	890
3206	1159
3207	888
3208	1161
3209	886
3210	1163
3211	884
3212	1165
3213	882
3214	1167
3215	880
3216	1169
3217	878
3218	1171
3219	876
3220	1173
3221	874
3222	1175
3223	872
3224	1177
3225	870
3226	1179
3227	868
3228	1181
3229	866
3230	1183
3231	864
3232	1185
3233	862
3234	1187
3235	860
3236	1189
3237	858
3238	1191
3239	856
3240	1193
3241	854
3242	1195
3243	852
3244	1197
3245	850
3246	1199
3247	848
3248	1201
3249	846
3250	1203
3251	844
3252	1205
3253	842
3254	1207
3255	840
3256	1209
3257	838
3258	1211
3259	836
3260	1213
3261	834
3262	1215
3263	832
3264	1217
3265	830
3266	1219
3267	828
3268	1221
3269	826
3270	1223
3271	824
3272	1225
3273	822
3274	1227
3275	820
3276	1229
3277	818
3278	1231
3279	816
3280	1233
3281	814
3282	1235
3283	812
3284	1237
3285	810
3286	1239
3287	808
3288	1241
3289	806
3290	1243
3291	804
3292	1245
3293	802
3294	1247
3295	800
3296	1249
3297	798
3298	1251
3299	796
3300	1253
3301	794
3302	1255
3303	792
3304	1257
3305	790
3306	1259
3307	788
3308	1261
3309	786
3310	1263
3311	784
3312	1265
3313	782
3314	1267
3315	780
3316	1269
3317	778
3318	1271
3319	776
3320	1273
3321	774
3322	1275
3323	772
3324	1277
3325	770
3326	1279
3327	768
3328	1281
3329	766
3330	1283
3331	764
3332	1285
3333	762
3334	1287
3335	760
3336	1289
3337	758
3338	1291
3339	756
3340	1293
3341	754
3342	1295
3343	752
3344	1297
3345	750
3346	1299
3347	748
3348	1301
3349	746
3350	1303
3351	744
3352	1305
3353	742
3354	1307
3355	740
3356	1309
3357	738
3358	1311
3359	736
3360	1313
3361	734
3362	1315
3363	732
3364	1317
3365	730
3366	1319
3367	728
3368	1321
3369	726
3370	1323
3371	724
3372	1325
3373	722
3374	1327
3375	720
3376	1329
3377	718
3378	1331
3379	716
3380	1333
3381	714
3382	1335
3383	712
3384	1337
3385	710
3386	1339
3387	708
3388	1341
3389	706
3390	1343
3391	704
3392	1345
3393	702
3394	1347
3395	700
3396	1349
3397	698
3398	1351
3399	696
3400	1353
3401	694
3402	1355
3403	692
3404	1357
3405	690
3406	1359
3407	688
3408	1361
3409	686
3410	1363
3411	684
3412	1365
3413	682
3414	1367
3415	680
3416	1369
3417	678
3418	1371
3419	676
3420	1373
3421	674
3422	1375
3423	672
3424	1377
3425	670
3426	1379
3427	668
3428	1381
3429	666
3430	1383
3431	664
3432	1385
3433	662
3434	1387
3435	660
3436	1389
3437	658
3438	1391
3439	656
3440	1393
3441	654
3442	1395
3443	652
3444	1397
3445	650
3446	1399
3447	648
3448	1401
3449	646
3450	1403
3451	644
3452	1405
3453	642
3454	1407
3455	640
3456	1409
3457	638
3458	1411
3459	636
3460	1413
3461	634
3462	1415
3463	632
3464	1417
3465	630
3466	1419
3467	628
3468	1421
3469	626
3470	1423
3471	624
3472	1425
3473	622
3474	1427
3475	620
3476	1429
3477	618
3478	1431
3479	616
3480	1433
3481	614
3482	1435
3483	612
3484	1437
3485	610
3486	1439
3487	608
3488	1441
3489	606
3490	1443
3491	604
3492	1445
3493	602
3494	1447
3495	600
3496	1449
3497	598
3498	1451
3499	596
3500	1453
3501	594
3502	1455
3503	592
3504	1457
3505	590
3506	1459
3507	588
3508	1461
3509	586
3510	1463
3511	584
3512	1465
3513	582
3514	1467
3515	580
3516	1469
3517	578
3518	1471
3519	576
3520	1473
3521	574
3522	1475
3523	572
3524	1477
3525	570
3526	1479
3527	568
3528	1481
3529	566
3530	1483
3531	564
3532	1485
3533	562
3534	1487
3535	560
3536	1489
3537	558
3538	1491
3539	556
3540	1493
3541	554
3542	1495
3543	552
3544	1497
3545	550
3546	1499
3547	548
3548	1501
3549	546
3550	1503
3551	544
3552	1505
3553	542
3554	1507
3555	540
3556	1509
3557	538
3558	1511
3559	536
3560	1513
3561	534
3562	1515
3563	532
3564	1517
3565	530
3566	1519
3567	528
3568	1521
3569	526
3570	1523
3571	524
3572	1525
3573	522
3574	1527
3575	520
3576	1529
3577	518
3578	1531
3579	516
3580	1533
3581	514
3582	1535
3583	512
3584	1537
3585	510
3586	1539
3587	508
3588	1541
3589	506
3590	1543
3591	504
3592	1545
3593	502
3594	1547
3595	500
3596	1549
3597	498
3598	1551
3599	496
3600	1553
3601	494
3602	1555
3603	492
3604	1557
3605	490
3606	1559
3607	488
3608	1561
3609	486
3610	1563
3611	484
3612	1565
3613	482
3614	1567
3615	480
3616	1569
3617	478
3618	1571
3619	476
3620	1573
3621	474
3622	1575
3623	472
3624	1577
3625	470
3626	1579
3627	468
3628	1581
3629	466
3630	1583
3631	464
3632	1585
3633	462
3634	1587
3635	460
3636	1589
3637	458
3638	1591
3639	456
3640	1593
3641	454
3642	1595
3643	452
3644	1597
3645	450
3646	1599
3647	448
3648	1601
3649	446
3650	1603
3651	444
3652	1605
3653	442
3654	1607
3655	440
3656	1609
3657	438
3658	1611
3659	436
3660	1613
3661	434
3662	1615
3663	432
3664	1617
3665	430
3666	1619
3667	428
3668	1621
3669	426
3670	1623
3671	424
3672	1625
3673	422
3674	1627
3675	420
3676	1629
3677	418
3678	1631
3679	416
3680	1633
3681	414
3682	1635
3683	412
3684	1637
3685	410
3686	1639
3687	408
3688	1641
3689	406
3690	1643
3691	404
3692	1645
3693	402
3694	1647
3695	400
3696	1649
3697	398
3698	1651
3699	396
3700	1653
3701	394
3702	1655
3703	392
3704	1657
3705	390
3706	1659
3707	388
3708	1661
3709	386
3710	1663
3711	384
3712	1665
3713	382
3714	1667
3715	380
3716	1669
3717	378
3718	1671
3719	376
3720	1673
3721	374
3722	1675
3723	372
3724	1677
3725	370
3726	1679
3727	368
3728	1681
3729	366
3730	1683
3731	364
3732	1685
3733	362
3734	1687
3735	360
3736	1689
3737	358
3738	1691
3739	356
3740	1693
3741	354
3742	1695
3743	352
3744	1697
3745	350
3746	1699
3747	348
3748	1701
3749	346
3750	1703
3751	344
3752	1705
3753	342
3754	1707
3755	340
3756	1709
3757	338
3758	1711
3759	336
3760	1713
3761	334
3762	1715
3763	332
3764	1717
3765	330
3766	1719
3767	328
3768	1721
3769	326
3770	1723
3771	324
3772	1725
3773	322
3774	1727
3775	320
3776	1729
3777	318
3778	1731
3779	316
3780	1733
3781	314
3782	1735
3783	312
3784	1737
3785	310
3786	1739
3787	308
3788	1741
3789	306
3790	1743
3791	304
3792	1745
3793	302
3794	1747
3795	300
3796	1749
3797	298
3798	1751
3799	296
3800	1753
3801	294
3802	1755
3803	292
3804	1757
3805	290
3806	1759
3807	288
3808	1761
3809	286
3810	1763
3811	284
3812	1765
3813	282
3814	1767
3815	280
3816	1769
3817	278
3818	1771
3819	276
3820	1773
3821	274
3822	1775
3823	272
3824	1777
3825	270
3826	1779
3827	268
3828	1781
3829	266
3830	1783
3831	264
3832	1785
3833	262
3834	1787
3835	260
3836	1789
3837	258
3838	1791
3839	256
3840	1793
3841	254
3842	1795
3843	252
3844	1797
3845	250
3846	1799
3847	248
3848	1801
3849	246
3850	1803
3851	244
3852	1805
3853	242
3854	1807
3855	240
3856	1809
3857	238
3858	1811
3859	236
3860	1813
3861	234
3862	1815
3863	232
3864	1817
3865	230
3866	1819
3867	228
3868	1821
3869	226
3870	1823
3871	224
3872	1825
3873	222
3874	1827
3875	220
3876	1829
3877	218
3878	1831
3879	216
3880	1833
3881	214
3882	1835
3883	212
3884	1837
3885	210
3886	1839
3887	208
3888	1841
3889	206
3890	1843
3891	204
3892	1845
3893	202
3894	1847
3895	200
3896	1849
3897	198
3898	1851
3899	196
3900	1853
3901	194
3902	1855
3903	192
3904	1857
3905	190
3906	1859
3907	188
3908	1861
3909	186
3910	1863
3911	184
3912	1865
3913	182
3914	1867
3915	180
3916	1869
3917	178
3918	1871
3919	176
3920	1873
3921	174
3922	1875
3923	172
3924	1877
3925	170
3926	1879
3927	168
3928	1881
3929	166
3930	1883
3931	164
3932	1885
3933	162
3934	1887
3935	160
3936	1889
3937	158
3938	1891
3939	156
3940	1893
3941	154
3942	1895
3943	152
3944	1897
3945	150
3946	1899
3947	148
3948	1901
3949	146
3950	1903
3951	144
3952	1905
3953	142
3954	1907
3955	140
3956	1909
3957	138
3958	1911
3959	136
3960	1913
3961	134
3962	1915
3963	132
3964	1917
3965	130
3966	1919
3967	128
3968	1921
3969	126
3970	1923
3971	124
3972	1925
3973	122
3974	1927
3975	120
3976	1929
3977	118
3978	1931
3979	116
3980	1933
3981	114
3982	1935
3983	112
3984	1937
3985	110
3986	1939
3987	108
3988	1941
3989	106
3990	1943
3991	104
3992	1945
3993	102
3994	1947
3995	100
3996	1949
3997	98
3998	1951
3999	96
4000	1953
4001	94
4002	1955
4003	92
4004	1957
4005	90
4006	1959
4007	88
4008	1961
4009	86
4010	1963
4011	84
4012	1965
4013	82
4014	1967
4015	80
4016	1969
4017	78
4018	1971
4019	76
4020	1973
4021	74
4022	1975
4023	72
4024	1977
4025	70
4026	1979
4027	68
4028	1981
4029	66
4030	1983
4031	64
4032	1985
4033	62
4034	1987
4035	60
4036	1989
4037	58
4038	1991
4039	56
4040	1993
4041	54
4042	1995
4043	52
4044	1997
4045	50
4046	1999
4047	48
4048	2001
4049	46
4050	2003
4051	44
4052	2005
4053	42
4054	2007
4055	40
4056	2009
4057	38
4058	2011
4059	36
4060	2013
4061	34
4062	2015
4063	32
4064	2017
4065	30
4066	2019
4067	28
4068	2021
4069	26
4070	2023
4071	24
4072	2025
4073	22
4074	2027
4075	20
4076	2029
4077	18
4078	2031
4079	16
4080	2033
4081	14
4082	2035
4083	12
4084	2037
4085	10
4086	2039
4087	8
4088	2041
4089	6
4090	2043
4091	4
4092	2045
4093	2
4094	2047
4095	0
