0	1
1	2
2	3
3	4
4	68
5	69
6	7
7	6
8	9
9	8
10	11
11	12
12	11
13	12
14	1985
15	14
16	15
17	2003
18	82
19	20
20	84
21	22
22	86
23	22
24	88
25	89
26	27
27	26
28	29
29	93
30	29
31	30
32	96
33	32
34	98
35	99
36	37
37	101
38	39
39	40
40	104
41	40
42	2202
43	42
44	43
45	46
46	110
47	48
48	49
49	48
50	51
51	50
52	53
53	52
54	118
55	56
56	57
57	58
58	59
59	60
60	61
61	2949
62	61
63	62
64	128
65	1
66	2
67	68
68	4
69	68
70	69
71	70
72	8
73	74
74	75
75	139
76	77
77	76
78	14
79	80
80	144
81	82
82	18
83	84
84	148
85	149
86	85
87	23
88	24
89	153
90	91
91	92
92	156
93	92
94	158
95	159
96	160
97	33
98	162
99	100
100	99
101	100
102	166
103	167
104	40
105	169
106	105
107	3160
108	172
109	110
110	46
111	175
112	113
113	177
114	3753
115	116
116	117
117	118
118	1860
119	118
120	121
121	120
122	186
123	124
124	125
125	61
126	190
127	63
128	192
129	3415
130	129
131	130
132	196
133	132
134	133
135	136
136	137
137	138
138	3439
139	140
140	139
141	205
142	206
143	144
144	145
145	146
146	145
147	146
148	212
149	85
150	86
151	150
152	88
153	89
154	90
155	1381
156	92
157	221
158	94
159	95
160	159
161	225
162	161
163	99
164	165
165	2604
166	230
167	168
168	169
169	233
170	169
171	235
172	108
173	109
174	706
175	239
176	3988
177	113
178	114
179	115
180	181
181	245
182	183
183	184
184	185
185	121
186	187
187	48
188	187
189	125
190	191
191	571
192	1759
193	257
194	193
195	194
196	260
197	196
198	134
199	200
200	199
201	137
202	138
203	202
204	205
205	206
206	142
207	206
208	144
209	208
210	209
211	275
212	276
213	212
214	213
215	214
216	152
217	218
218	154
219	218
220	284
221	285
222	286
223	224
224	288
225	161
226	227
227	226
228	229
229	165
230	166
231	230
232	231
233	1956
234	233
235	236
236	172
237	236
238	174
239	240
240	304
241	242
242	306
243	242
244	243
245	1079
246	182
247	311
248	249
249	185
250	1153
251	187
252	188
253	252
254	190
255	254
256	192
257	193
258	194
259	195
260	3457
261	197
262	198
263	262
264	265
265	329
266	202
267	266
268	269
269	205
270	269
271	207
272	336
273	272
274	210
275	276
276	275
277	3655
278	214
279	280
280	216
281	345
282	281
283	347
284	3650
285	349
286	222
287	286
288	287
289	353
290	291
291	290
292	228
293	229
294	295
295	359
296	232
297	296
298	234
299	300
300	236
301	365
302	301
303	304
304	368
305	692
306	242
307	2313
308	244
309	245
310	311
311	312
312	313
313	314
314	313
315	379
316	252
317	318
318	317
319	3507
320	179
321	257
322	258
323	259
324	323
325	324
326	390
327	263
328	327
329	393
330	329
331	1612
332	2100
333	332
334	335
335	336
336	337
337	338
338	2690
339	338
340	404
341	340
342	278
343	407
344	408
345	409
346	282
347	348
348	349
349	285
350	286
351	415
352	353
353	289
354	2848
355	291
356	3559
357	293
358	359
359	295
360	424
361	297
362	3171
363	299
364	300
365	429
366	430
367	431
368	432
369	433
370	306
371	372
372	308
373	309
374	310
375	376
376	375
377	313
378	377
379	380
380	379
381	382
382	446
383	319
384	320
385	386
386	450
387	451
388	389
389	388
390	326
391	455
392	393
393	833
394	458
395	331
396	395
397	398
398	397
399	463
400	336
401	337
402	401
403	467
404	468
405	406
406	407
407	471
408	344
409	345
410	411
411	347
412	348
413	412
414	478
415	416
416	417
417	481
418	482
419	420
420	421
421	485
422	358
423	359
424	425
425	489
426	490
427	428
428	492
429	493
430	429
431	432
432	496
433	432
434	370
435	434
436	437
437	3678
438	437
439	503
440	504
441	377
442	443
443	444
444	445
445	381
446	382
447	383
448	449
449	448
450	449
451	1026
452	516
453	454
454	455
455	456
456	520
457	458
458	3217
459	458
460	396
461	1698
462	461
463	464
464	465
465	401
466	467
467	531
468	532
469	405
470	471
471	535
472	471
473	409
474	473
475	539
476	540
477	541
478	479
479	543
480	416
481	480
482	546
483	482
484	420
485	421
486	422
487	423
488	552
489	488
490	426
491	555
492	491
493	3406
494	923
495	559
496	497
497	496
498	499
499	498
500	436
501	502
502	503
503	439
504	440
505	236
506	2616
507	443
508	572
509	508
510	509
511	447
512	448
513	512
514	450
515	451
516	580
517	518
518	519
519	583
520	2794
521	520
522	521
523	524
524	588
525	461
526	525
527	463
528	592
529	593
530	466
531	2132
532	596
533	469
534	535
535	2095
536	571
537	536
538	539
539	538
540	476
541	477
542	543
543	718
544	545
545	546
546	545
547	611
548	484
549	485
550	549
551	615
552	488
553	554
554	553
555	556
556	555
557	556
558	557
559	558
560	496
561	497
562	561
563	562
564	563
565	501
566	567
567	3596
568	567
569	633
570	569
571	572
572	636
573	572
574	638
575	639
576	512
577	513
578	579
579	643
580	516
581	517
582	646
583	582
584	585
585	649
586	585
587	586
588	587
589	1380
590	591
591	655
592	528
593	594
594	595
595	594
596	595
597	661
598	534
599	600
600	664
601	602
602	666
603	667
604	605
605	541
606	605
607	606
608	607
609	608
610	609
611	612
612	1281
613	614
614	550
615	551
616	615
617	553
618	554
619	620
620	621
621	620
622	621
623	559
624	625
625	626
626	690
627	691
628	627
629	630
630	631
631	632
632	568
633	697
634	570
635	636
636	970
637	638
638	639
639	575
640	704
641	640
642	706
643	579
644	3455
645	581
646	645
647	646
648	649
649	648
650	266
651	3353
652	651
653	652
654	590
655	654
656	655
657	656
658	657
659	660
660	596
661	660
662	726
663	599
664	663
665	664
666	602
667	666
668	732
669	605
670	734
671	672
672	736
673	737
674	673
675	1885
676	612
677	678
678	614
679	678
680	679
681	745
682	681
683	619
684	683
685	686
686	622
687	623
688	752
689	233
690	754
691	692
692	628
693	694
694	3262
695	631
696	697
697	761
698	697
699	763
700	764
701	702
702	703
703	767
704	768
705	706
706	707
707	708
708	709
709	710
710	711
711	710
712	776
713	2561
714	778
715	716
716	717
717	718
718	782
719	783
720	784
721	657
722	786
723	724
724	660
725	726
726	662
727	791
728	729
729	730
730	731
731	795
732	668
733	732
734	1640
735	4019
736	737
737	673
738	737
739	740
740	804
741	805
742	806
743	744
744	745
745	809
746	682
747	2108
748	812
749	685
750	749
751	815
752	688
753	689
754	753
755	691
756	755
757	693
758	757
759	760
760	824
761	760
762	763
763	762
764	828
765	764
766	765
767	831
768	832
769	768
770	771
771	707
772	771
773	709
774	710
775	774
776	712
777	713
778	1059
779	778
780	779
781	717
782	781
783	784
784	720
785	849
786	787
787	723
788	724
789	2297
790	854
791	790
792	793
793	729
794	795
795	731
796	795
797	798
798	862
799	735
800	736
801	800
802	738
803	804
804	803
805	804
806	805
807	806
808	744
809	808
810	2346
811	3987
812	876
813	877
814	878
815	814
816	201
817	818
818	3507
819	818
820	884
821	885
822	758
823	887
824	760
825	889
826	762
827	828
828	829
829	830
830	214
831	767
832	833
833	832
834	2684
835	899
836	3548
837	773
838	837
839	775
840	839
841	840
842	843
843	779
844	908
845	909
846	782
847	911
848	784
849	913
850	1097
851	915
852	916
853	3081
854	490
855	791
856	792
857	856
858	859
859	795
860	859
861	1630
862	798
863	799
864	928
865	801
866	930
867	868
868	804
869	868
870	806
871	935
872	871
873	937
874	875
875	876
876	877
877	878
878	942
879	2187
880	944
881	817
882	818
883	819
884	883
885	886
886	2340
887	888
888	887
889	825
890	891
891	827
892	3733
893	957
894	895
895	831
896	960
897	3505
898	3403
899	1057
900	964
901	965
902	966
903	967
904	3268
905	841
906	907
907	1364
908	844
909	908
910	974
911	975
912	911
913	912
914	913
915	914
916	980
917	916
918	917
919	855
920	919
921	985
922	921
923	859
924	3998
925	861
926	925
927	991
928	927
929	865
930	994
931	995
932	996
933	934
934	998
935	871
936	937
937	873
938	874
939	1003
940	941
941	877
942	2607
943	879
944	945
945	944
946	945
947	1011
948	1012
949	948
950	1014
951	950
952	888
953	952
954	890
955	956
956	1359
957	956
958	1022
959	895
960	896
961	897
962	898
963	962
964	1587
965	733
966	902
967	968
968	904
969	905
970	906
971	970
972	1036
973	3264
974	975
975	976
976	977
977	913
978	2405
979	1747
980	979
981	917
982	981
983	1047
984	983
985	984
986	985
987	1051
988	989
989	1053
990	991
991	927
992	991
993	994
994	930
995	994
996	3444
997	2959
998	934
999	1063
1000	936
1001	1002
1002	1003
1003	1002
1004	1005
1005	2679
1006	1005
1007	943
1008	944
1009	3499
1010	1011
1011	1010
1012	1011
1013	1014
1014	1078
1015	1079
1016	1015
1017	1081
1018	1019
1019	1083
1020	1021
1021	1085
1022	1086
1023	959
1024	960
1025	961
1026	1027
1027	3251
1028	1027
1029	1030
1030	1029
1031	1095
1032	1096
1033	1034
1034	1098
1035	1034
1036	1035
1037	973
1038	1039
1039	1103
1040	1039
1041	1042
1042	3572
1043	2771
1044	1108
1045	1109
1046	2552
1047	1048
1048	1049
1049	1048
1050	1049
1051	1052
1052	1053
1053	989
1054	990
1055	1119
1056	1120
1057	993
1058	994
1059	1123
1060	996
1061	1062
1062	1061
1063	999
1064	1000
1065	1001
1066	1002
1067	1068
1068	1132
1069	1068
1070	1956
1071	1135
1072	4095
1073	1074
1074	1073
1075	1074
1076	1140
1077	704
1078	1079
1079	1080
1080	1081
1081	1017
1082	1083
1083	1019
1084	2015
1085	1086
1086	1087
1087	3662
1088	1152
1089	1088
1090	1154
1091	1090
1092	1091
1093	1094
1094	1093
1095	1159
1096	1032
1097	1161
1098	1099
1099	1163
1100	1036
1101	1100
1102	1166
1103	1102
1104	1103
1105	1104
1106	1170
1107	1171
1108	1109
1109	1173
1110	1174
1111	1110
1112	1113
1113	1114
1114	1178
1115	1489
1116	1117
1117	2376
1118	1119
1119	1120
1120	1119
1121	1185
1122	3493
1123	1124
1124	1060
1125	1061
1126	1190
1127	800
1128	1127
1129	1130
1130	1194
1131	1604
1132	1133
1133	1134
1134	1070
1135	1136
1136	1200
1137	1073
1138	1139
1139	1075
1140	1141
1141	1205
1142	1078
1143	1079
1144	2536
1145	1144
1146	1145
1147	1148
1148	946
1149	2388
1150	2398
1151	1215
1152	1153
1153	145
1154	1218
1155	1091
1156	1155
1157	1221
1158	1159
1159	1095
1160	1161
1161	1162
1162	1098
1163	1099
1164	1228
1165	1101
1166	1102
1167	1168
1168	1104
1169	1168
1170	1106
1171	1235
1172	1236
1173	1172
1174	1173
1175	1176
1176	1184
1177	1178
1178	1177
1179	1243
1180	1116
1181	1182
1182	1183
1183	1247
1184	1183
1185	3477
1186	1185
1187	1251
1188	1124
1189	1125
1190	1191
1191	1190
1192	1191
1193	1192
1194	1130
1195	1194
1196	1260
1197	1198
1198	1134
1199	1200
1200	1201
1201	1137
1202	1467
1203	1204
1204	1203
1205	1382
1206	1142
1207	1143
1208	1272
1209	2943
1210	1211
1211	1147
1212	1213
1213	1277
1214	1278
1215	1151
1216	1829
1217	1281
1218	1282
1219	1220
1220	535
1221	1157
1222	1158
1223	1159
1224	1225
1225	1224
1226	1162
1227	1163
1228	1227
1229	1230
1230	1229
1231	1795
1232	1296
1233	1232
1234	1569
1235	1299
1236	1172
1237	1301
1238	1302
1239	1175
1240	1239
1241	1242
1242	964
1243	2708
1244	1243
1245	1309
1246	1310
1247	1311
1248	1249
1249	1313
1250	1251
1251	1187
1252	401
1253	1252
1254	1255
1255	1191
1256	3441
1257	1256
1258	1257
1259	1260
1260	1261
1261	2881
1262	1198
1263	1327
1264	1200
1265	1264
1266	1202
1267	1331
1268	1332
1269	1268
1270	2247
1271	1270
1272	1336
1273	1272
1274	1273
1275	1211
1276	1340
1277	1278
1278	1279
1279	1215
1280	1216
1281	1217
1282	1283
1283	1219
1284	1283
1285	1286
1286	1350
1287	1351
1288	1289
1289	1290
1290	2012
1291	4031
1292	1293
1293	1294
1294	1295
1295	1359
1296	1297
1297	1361
1298	1297
1299	1298
1300	1301
1301	1302
1302	1303
1303	1304
1304	1368
1305	1306
1306	1305
1307	1306
1308	1372
1309	1310
1310	1374
1311	1247
1312	1311
1313	1312
1314	1250
1315	1251
1316	1315
1317	1318
1318	1254
1319	1255
1320	1321
1321	1257
1322	1258
1323	3405
1324	1388
1325	1720
1326	1390
1327	1391
1328	1392
1329	1265
1330	1331
1331	1332
1332	1396
1333	2720
1334	1398
1335	1271
1336	1337
1337	1273
1338	3735
1339	1275
1340	1341
1341	1340
1342	1406
1343	1342
1344	1345
1345	1346
1346	1410
1347	1411
1348	1412
1349	1285
1350	1351
1351	1287
1352	1288
1353	1289
1354	1290
1355	1354
1356	1355
1357	3214
1358	1359
1359	1295
1360	1359
1361	1297
1362	1361
1363	1364
1364	1365
1365	1366
1366	1367
1367	1303
1368	61
1369	1368
1370	1371
1371	1435
1372	1308
1373	1437
1374	1375
1375	1311
1376	993
1377	1313
1378	1314
1379	1380
1380	4045
1381	1380
1382	1318
1383	2343
1384	1320
1385	1384
1386	1450
1387	1386
1388	1389
1389	1390
1390	1391
1391	1455
1392	1328
1393	1394
1394	1393
1395	1459
1396	1332
1397	1461
1398	1334
1399	1400
1400	1336
1401	1337
1402	1403
1403	1339
1404	1403
1405	1406
1406	1342
1407	1406
1408	1409
1409	1408
1410	1409
1411	1410
1412	1413
1413	1349
1414	1478
1415	1414
1416	62
1417	1353
1418	1417
1419	1483
1420	3348
1421	1422
1422	1486
1423	1424
1424	1488
1425	1361
1426	1425
1427	1363
1428	1427
1429	1493
1430	1429
1431	1432
1432	1496
1433	1432
1434	1433
1435	1371
1436	1500
1437	1501
1438	1502
1439	1440
1440	3503
1441	1442
1442	1378
1443	1444
1444	1380
1445	1444
1446	1382
1447	2288
1448	1447
1449	1513
1450	1514
1451	1452
1452	1451
1453	1452
1454	1401
1455	1391
1456	1455
1457	1393
1458	1459
1459	1395
1460	3433
1461	1397
1462	1463
1463	1527
1464	2212
1465	1401
1466	1467
1467	1468
1468	1532
1469	1468
1470	1534
1471	1407
1472	1473
1473	1474
1474	1473
1475	1411
1476	910
1477	1413
1478	1414
1479	1480
1480	1479
1481	1545
1482	1483
1483	1419
1484	1548
1485	1484
1486	1550
1487	3105
1488	1552
1489	1425
1490	1489
1491	1490
1492	1428
1493	1429
1494	1558
1495	1494
1496	1495
1497	1433
1498	1497
1499	1500
1500	1499
1501	1500
1502	1438
1503	1439
1504	1503
1505	1569
1506	1570
1507	1571
1508	1507
1509	1573
1510	1509
1511	1575
1512	1576
1513	1512
1514	1578
1515	1579
1516	1515
1517	689
1518	1582
1519	1518
1520	1456
1521	2703
1522	1521
1523	3891
1524	1523
1525	1526
1526	850
1527	3182
1528	1592
1529	1593
1530	1594
1531	1532
1532	1596
1533	1469
1534	1533
1535	1534
1536	1472
1537	1473
1538	1602
1539	2911
1540	1604
1541	1540
1542	1543
1543	1544
1544	1608
1545	1546
1546	1545
1547	1611
1548	3016
1549	1485
1550	1551
1551	1552
1552	1616
1553	1617
1554	1490
1555	1619
1556	1555
1557	1556
1558	1559
1559	1495
1560	1496
1561	1562
1562	1498
1563	1564
1564	1628
1565	1566
1566	1502
1567	1566
1568	1632
1569	1633
1570	1569
1571	1570
1572	1571
1573	1572
1574	1575
1575	1574
1576	1577
1577	1576
1578	1514
1579	1515
1580	640
1581	1517
1582	1646
1583	1582
1584	1648
1585	1586
1586	1650
1587	2066
1588	1652
1589	1588
1590	1526
1591	3807
1592	1593
1593	1657
1594	1593
1595	1596
1596	1532
1597	1661
1598	1534
1599	1535
1600	1536
1601	1537
1602	1538
1603	1667
1604	1540
1605	617
1606	1605
1607	1608
1608	1672
1609	1610
1610	1674
1611	1612
1612	1611
1613	1612
1614	1678
1615	1616
1616	1552
1617	1681
1618	1617
1619	3257
1620	1556
1621	1557
1622	1623
1623	1559
1624	1688
1625	1561
1626	1627
1627	1626
1628	1629
1629	1565
1630	1631
1631	1630
1632	1696
1633	1634
1634	7
1635	1571
1636	1572
1637	1636
1638	1639
1639	1640
1640	1704
1641	1577
1642	1371
1643	1644
1644	1643
1645	1709
1646	1647
1647	1646
1648	3475
1649	1713
1650	3256
1651	1652
1652	1716
1653	1589
1654	1718
1655	1591
1656	1592
1657	1658
1658	1722
1659	1658
1660	1724
1661	1660
1662	1661
1663	1599
1664	1665
1665	1729
1666	1665
1667	1731
1668	1669
1669	1605
1670	1734
1671	1670
1672	1673
1673	1674
1674	1673
1675	1611
1676	1677
1677	1613
1678	1679
1679	1680
1680	1616
1681	1682
1682	2260
1683	1682
1684	1685
1685	1621
1686	1685
1687	1688
1688	1689
1689	1625
1690	1754
1691	1668
1692	1691
1693	1629
1694	1695
1695	1696
1696	2764
1697	1696
1698	1699
1699	1763
1700	1699
1701	1637
1702	1766
1703	1767
1704	3894
1705	1769
1706	2741
1707	1708
1708	1709
1709	1710
1710	1774
1711	1647
1712	1776
1713	1712
1714	1778
1715	1716
1716	1652
1717	2227
1718	1782
1719	1783
1720	1721
1721	1722
1722	1658
1723	1787
1724	1723
1725	1789
1726	1790
1727	1726
1728	1792
1729	1728
1730	1729
1731	1732
1732	1731
1733	1734
1734	1733
1735	4005
1736	1672
1737	1736
1738	1674
1739	1803
1740	1804
1741	1740
1742	1806
1743	1744
1744	1743
1745	1809
1746	1682
1747	1748
1748	1747
1749	1748
1750	1751
1751	1752
1752	1816
1753	1754
1754	1755
1755	1691
1756	1757
1757	1524
1758	1822
1759	1823
1760	1824
1761	1762
1762	1698
1763	1762
1764	1700
1765	1766
1766	1702
1767	1703
1768	1704
1769	1833
1770	1769
1771	1770
1772	1771
1773	1837
1774	1838
1775	2086
1776	1712
1777	1841
1778	1779
1779	1780
1780	1716
1781	1780
1782	1718
1783	1782
1784	1720
1785	1784
1786	1785
1787	1851
1788	1789
1789	1725
1790	1854
1791	1855
1792	1793
1793	722
1794	1793
1795	2203
1796	1797
1797	1861
1798	1862
1799	1800
1800	1736
1801	898
1802	1738
1803	1202
1804	1805
1805	1741
1806	1742
1807	1806
1808	1807
1809	1873
1810	1811
1811	1875
1812	1811
1813	1877
1814	1750
1815	1814
1816	1110
1817	1881
1818	1754
1819	1755
1820	1821
1821	1822
1822	1886
1823	1822
1824	1888
1825	1826
1826	1827
1827	1763
1828	1892
1829	1830
1830	1831
1831	1895
1832	1831
1833	1832
1834	1770
1835	1834
1836	1837
1837	1901
1838	520
1839	1775
1840	300
1841	1905
1842	3429
1843	1907
1844	1780
1845	1846
1846	1782
1847	1783
1848	1784
1849	1785
1850	1849
1851	1850
1852	1851
1853	1917
1854	1918
1855	1791
1856	1857
1857	1858
1858	1857
1859	1860
1860	1861
1861	1860
1862	1798
1863	1799
1864	1865
1865	1866
1866	1930
1867	1931
1868	1867
1869	1870
1870	1934
1871	1807
1872	1873
1873	1937
1874	1875
1875	1811
1876	1875
1877	1941
1878	1879
1879	149
1880	1816
1881	1945
1882	1881
1883	1884
1884	1948
1885	1949
1886	784
1887	1888
1888	1889
1889	1825
1890	1891
1891	1890
1892	1893
1893	1957
1894	1893
1895	1831
1896	1897
1897	1898
1898	1962
1899	1898
1900	1901
1901	1837
1902	1318
1903	1904
1904	294
1905	1969
1906	1842
1907	3795
1908	1972
1909	1910
1910	1909
1911	1847
1912	1913
1913	2334
1914	1915
1915	1916
1916	1915
1917	1918
1918	1006
1919	3738
1920	3118
1921	4000
1922	1986
1923	1987
1924	1988
1925	1989
1926	1862
1927	1574
1928	1929
1929	1930
1930	3009
1931	1932
1932	1996
1933	143
1934	1998
1935	1934
1936	1937
1937	1873
1938	1874
1939	1938
1940	1939
1941	1877
1942	2714
1943	1942
1944	1943
1945	1944
1946	2010
1947	2011
1948	1949
1949	1948
1950	1886
1951	1950
1952	1953
1953	1889
1954	1953
1955	2019
1956	1892
1957	1958
1958	1959
1959	1331
1960	1959
1961	1960
1962	1961
1963	1899
1964	1963
1965	2029
1966	1902
1967	1968
1968	1904
1969	1968
1970	1969
1971	2035
1972	1971
1973	272
1974	1973
1975	3372
1976	1977
1977	1913
1978	2042
1979	2043
1980	2044
1981	1917
1982	1918
1983	1919
1984	1920
1985	1986
1986	1922
1987	2560
1988	1987
1989	1990
1990	1991
1991	2055
1992	2325
1993	1929
1994	919
1995	2059
1996	2060
1997	3225
1998	2062
1999	2000
2000	1999
2001	87
2002	2066
2003	1939
2004	1940
2005	2006
2006	2005
2007	1943
2008	2009
2009	2010
2010	2009
2011	2075
2012	2076
2013	2012
2014	2015
2015	1951
2016	2015
2017	4031
2018	2019
2019	1955
2020	1956
2021	2022
2022	2086
2023	1959
2024	547
2025	1547
2026	2025
2027	1963
2028	1964
2029	2028
2030	2031
2031	2032
2032	1968
2033	1969
2034	2033
2035	2034
2036	2100
2037	2101
2038	2039
2039	2040
2040	2041
2041	2105
2042	2041
2043	1979
2044	2043
2045	2046
2046	2047
2047	2111
2048	2049
2049	2113
2050	1986
2051	1987
2052	2051
2053	2054
2054	2118
2055	2523
2056	1992
2057	2056
2058	2057
2059	2060
2060	2059
2061	2329
2062	2063
2063	2127
2064	2128
2065	2129
2066	2130
2067	2066
2068	2067
2069	2005
2070	2006
2071	2135
2072	2073
2073	2009
2074	2138
2075	2139
2076	2140
2077	2076
2078	2077
2079	2015
2080	2081
2081	525
2082	2083
2083	2147
2084	2083
2085	2086
2086	2022
2087	2088
2088	2024
2089	2153
2090	2154
2091	2155
2092	2091
2093	2092
2094	2093
2095	2094
2096	1777
2097	1459
2098	2162
2099	2100
2100	2036
2101	2102
2102	2103
2103	2039
2104	2040
2105	2041
2106	2105
2107	2171
2108	2172
2109	2173
2110	2245
2111	2175
2112	2048
2113	2112
2114	2178
2115	2051
2116	2962
2117	2181
2118	2119
2119	2893
2120	2056
2121	2057
2122	2123
2123	2122
2124	1995
2125	3884
2126	2127
2127	2191
2128	2064
2129	2193
2130	2131
2131	2132
2132	2196
2133	2134
2134	2133
2135	2199
2136	2200
2137	2138
2138	2139
2139	2203
2140	2204
2141	2142
2142	2143
2143	2142
2144	2145
2145	2146
2146	2423
2147	2211
2148	713
2149	2150
2150	2086
2151	2087
2152	2153
2153	2217
2154	2153
2155	2154
2156	2155
2157	2158
2158	2157
2159	2223
2160	2159
2161	2225
2162	2161
2163	2099
2164	2100
2165	2164
2166	2102
2167	2168
2168	2104
2169	1190
2170	2171
2171	2235
2172	2173
2173	2237
2174	2238
2175	2111
2176	2112
2177	2113
2178	4090
2179	2180
2180	2179
2181	2117
2182	2181
2183	2184
2184	2120
2185	2121
2186	2185
2187	2186
2188	2187
2189	2188
2190	3167
2191	2127
2192	2191
2193	2194
2194	2195
2195	2194
2196	2197
2197	2198
2198	2197
2199	2135
2200	2136
2201	2202
2202	2203
2203	2267
2204	2203
2205	2206
2206	2142
2207	2206
2208	2272
2209	2208
2210	2764
2211	2210
2212	2213
2213	7
2214	2278
2215	2216
2216	825
2217	2281
2218	2217
2219	2283
2220	2219
2221	2157
2222	2221
2223	2159
2224	2225
2225	2226
2226	2227
2227	2163
2228	874
2229	2230
2230	2166
2231	2230
2232	2168
2233	1523
2234	2298
2235	2299
2236	3504
2237	2236
2238	2239
2239	2303
2240	2983
2241	2177
2242	2243
2243	2242
2244	3435
2245	2244
2246	2182
2247	2311
2248	2312
2249	1036
2250	2314
2251	2250
2252	2188
2253	2254
2254	2255
2255	2256
2256	2320
2257	2256
2258	2322
2259	2323
2260	2324
2261	2325
2262	2263
2263	2264
2264	2265
2265	3051
2266	2265
2267	2331
2268	2267
2269	2333
2270	2334
2271	1225
2272	2208
2273	1068
2274	2273
2275	2339
2276	2277
2277	2276
2278	2214
2279	2215
2280	2216
2281	2217
2282	2281
2283	2219
2284	2283
2285	2349
2286	2285
2287	2351
2288	2287
2289	3895
2290	2226
2291	2290
2292	2291
2293	2229
2294	2293
2295	2231
2296	2295
2297	2941
2298	2234
2299	2235
2300	2364
2301	2368
2302	2303
2303	2367
2304	2240
2305	2369
2306	2370
2307	2371
2308	2309
2309	297
2310	2246
2311	2247
2312	2376
2313	2312
2314	2250
2315	2316
2316	2315
2317	2316
2318	2317
2319	2255
2320	2321
2321	2257
2322	2386
2323	2324
2324	2325
2325	2261
2326	2390
2327	2263
2328	2327
2329	2328
2330	2331
2331	2267
2332	2331
2333	2332
2334	1925
2335	2399
2336	2272
2337	2338
2338	2339
2339	2275
2340	2404
2341	2832
2342	2278
2343	2342
2344	2280
2345	2344
2346	2282
2347	2346
2348	2284
2349	2413
2350	2286
2351	2350
2352	2353
2353	3122
2354	2353
2355	2356
2356	2420
2357	2356
2358	2357
2359	2499
2360	2296
2361	2425
2362	2426
2363	2427
2364	2363
2365	2301
2366	2430
2367	2431
2368	2432
2369	2433
2370	2371
2371	2435
2372	2308
2373	2372
2374	2438
2375	2439
2376	2375
2377	2376
2378	2377
2379	2315
2380	2444
2381	2445
2382	2383
2383	2447
2384	2320
2385	2386
2386	2322
2387	2451
2388	2452
2389	2325
2390	2389
2391	2390
2392	2328
2393	2392
2394	2395
2395	2459
2396	2395
2397	2333
2398	2462
2399	2463
2400	2399
2401	2400
2402	2466
2403	2467
2404	2483
2405	2341
2406	2405
2407	2343
2408	2472
2409	2345
2410	2346
2411	2410
2412	2348
2413	2414
2414	2478
2415	2414
2416	2417
2417	2353
2418	2419
2419	3633
2420	2356
2421	253
2422	2358
2423	2487
2424	2423
2425	3320
2426	2427
2427	2491
2428	2429
2429	2428
2430	2366
2431	2495
2432	2496
2433	2497
2434	2498
2435	2434
2436	1580
2437	2373
2438	2374
2439	3198
2440	2504
2441	2505
2442	3283
2443	2442
2444	2445
2445	2509
2446	2447
2447	2511
2448	2512
2449	2385
2450	2386
2451	2452
2452	2516
2453	2389
2454	2455
2455	2519
2456	2392
2457	2521
2458	2459
2459	2523
2460	2524
2461	2460
2462	2398
2463	2462
2464	2465
2465	2464
2466	2465
2467	2403
2468	2532
2469	1033
2470	2406
2471	2407
2472	2536
2473	2537
2474	2473
2475	2539
2476	2477
2477	2541
2478	2477
2479	2415
2480	2544
2481	2545
2482	2481
2483	2484
2484	2483
2485	2484
2486	2487
2487	2488
2488	2487
2489	2488
2490	2426
2491	2492
2492	3204
2493	2557
2494	2558
2495	180
2496	2497
2497	2496
2498	2562
2499	2563
2500	2564
2501	2565
2502	2566
2503	2504
2504	2503
2505	2504
2506	2442
2507	2506
2508	2509
2509	2573
2510	2509
2511	2447
2512	2576
2513	2757
2514	2450
2515	2451
2516	2515
2517	2516
2518	2517
2519	2583
2520	100
2521	2457
2522	3888
2523	2522
2524	2525
2525	2589
2526	2527
2527	2463
2528	2592
2529	2593
2530	2466
2531	2532
2532	2533
2533	2597
2534	1662
2535	2471
2536	2535
2537	2473
2538	2539
2539	2538
2540	2539
2541	2540
2542	2478
2543	2607
2544	2543
2545	2546
2546	2547
2547	2611
2548	2484
2549	2485
2550	2486
2551	2552
2552	2553
2553	2489
2554	2553
2555	2556
2556	2740
2557	2556
2558	2559
2559	2558
2560	2624
2561	2560
2562	2561
2563	2564
2564	2565
2565	2629
2566	2630
2567	2631
2568	2632
2569	2505
2570	2571
2571	2570
2572	2571
2573	2637
2574	2573
2575	2639
2576	2575
2577	2641
2578	2579
2579	2643
2580	2581
2581	18
2582	2583
2583	2582
2584	2520
2585	2584
2586	2587
2587	2651
2588	2589
2589	2525
2590	2654
2591	2527
2592	2591
2593	2657
2594	2658
2595	2659
2596	2532
2597	1704
2598	2662
2599	2598
2600	2599
2601	2537
2602	2603
2603	2539
2604	2540
2605	2204
2606	2670
2607	2543
2608	2607
2609	2673
2610	2609
2611	2547
2612	2548
2613	2549
2614	2550
2615	2614
2616	2615
2617	2553
2618	2554
2619	2683
2620	2684
2621	2685
2622	750
2623	1039
2624	2625
2625	2626
2626	2562
2627	2626
2628	2564
2629	2693
2630	2629
2631	1371
2632	2631
2633	2632
2634	2633
2635	2571
2636	2572
2637	1152
2638	2702
2639	2575
2640	2576
2641	2577
2642	2706
2643	2707
2644	3572
2645	2581
2646	2645
2647	2583
2648	2647
2649	2713
2650	608
2651	2519
2652	2651
2653	2589
2654	2718
2655	2656
2656	2720
2657	2656
2658	2722
2659	2658
2660	2659
2661	2597
2662	2663
2663	2599
2664	2663
2665	2601
2666	2665
2667	2731
2668	2669
2669	2668
2670	2671
2671	2670
2672	2608
2673	2609
2674	2673
2675	2611
2676	2612
2677	2741
2678	2614
2679	2680
2680	1990
2681	2682
2682	2681
2683	2747
2684	2683
2685	2686
2686	3923
2687	2751
2688	2752
2689	2625
2690	3201
2691	2627
2692	2693
2693	2757
2694	2758
2695	2631
2696	2697
2697	2696
2698	2699
2699	2700
2700	2701
2701	1932
2702	2703
2703	2704
2704	2768
2705	3707
2706	2705
2707	2706
2708	2644
2709	2645
2710	2774
2711	2712
2712	2776
2713	2712
2714	2713
2715	2779
2716	2652
2717	2055
2718	2782
2719	2655
2720	2784
2721	2657
2722	2658
2723	2787
2724	2660
2725	2789
2726	2790
2727	2663
2728	2664
2729	2793
2730	2666
2731	2732
2732	2724
2733	2732
2734	2733
2735	2734
2736	2672
2737	2801
2738	2802
2739	2738
2740	2739
2741	2677
2742	2741
2743	2744
2744	2808
2745	2744
2746	2682
2747	114
2748	2747
2749	2750
2750	2686
2751	2687
2752	2688
2753	2752
2754	2755
2755	2754
2756	2692
2757	1274
2758	2822
2759	2695
2760	2696
2761	2762
2762	2698
2763	2764
2764	2765
2765	2766
2766	2830
2767	2831
2768	2769
2769	2833
2770	2706
2771	2835
2772	2773
2773	2772
2774	2838
2775	2776
2776	2712
2777	2841
2778	2842
2779	2780
2780	2781
2781	1154
2782	2718
2783	2784
2784	2848
2785	2786
2786	2722
2787	2786
2788	2787
2789	2725
2790	2726
2791	2727
2792	2793
2793	2729
2794	2858
2795	2859
2796	2732
2797	2861
2798	2039
2799	3135
2800	2801
2801	2800
2802	2801
2803	2802
2804	2803
2805	2869
2806	2870
2807	2871
2808	2872
2809	1496
2810	2809
2811	76
2812	2811
2813	2812
2814	3471
2815	2814
2816	2880
2817	2816
2818	2882
2819	2883
2820	2756
2821	2885
2822	2758
2823	2822
2824	2760
2825	2824
2826	2825
2827	2891
2828	2892
2829	2765
2830	2829
2831	2767
2832	2768
2833	2897
2834	2770
2835	82
2836	2835
2837	2901
2838	2837
2839	2903
2840	2904
2841	2842
2842	2843
2843	2779
2844	3517
2845	2909
2846	2782
2847	2783
2848	2912
2849	2850
2850	2786
2851	2852
2852	2193
2853	2789
2854	321
2855	3043
2856	2920
2857	2858
2858	2922
2859	2858
2860	2796
2861	3024
2862	2926
2863	2864
2864	2865
2865	2864
2866	4015
2867	2803
2868	2867
2869	2933
2870	566
2871	432
2872	2808
2873	2872
2874	2875
2875	2876
2876	2875
2877	2813
2878	2877
2879	2878
2880	2717
2881	2882
2882	2881
2883	2884
2884	2948
2885	2886
2886	2885
2887	2618
2888	2889
2889	2953
2890	2891
2891	2827
2892	2893
2893	256
2894	2893
2895	2831
2896	2960
2897	2896
2898	2834
2899	2835
2900	55
2901	3115
2902	2838
2903	841
2904	2903
2905	2841
2906	2842
2907	2971
2908	2972
2909	2910
2910	2911
2911	3347
2912	2913
2913	2977
2914	2913
2915	2914
2916	2917
2917	2916
2918	2917
2919	2920
2920	2984
2921	2922
2922	2986
2923	2987
2924	2925
2925	2861
2926	2990
2927	2926
2928	2929
2929	2993
2930	2929
2931	2995
2932	2933
2933	2869
2934	2998
2935	2871
2936	2872
2937	3562
2938	2939
2939	2875
2940	2939
2941	2877
2942	2943
2943	2942
2944	2880
2945	2946
2946	74
2947	2948
2948	3012
2949	3013
2950	3014
2951	2952
2952	2953
2953	2889
2954	2953
2955	2954
2956	2955
2957	1137
2958	2894
2959	2895
2960	3906
2961	4023
2962	1753
2963	2150
2964	2965
2965	2964
2966	3030
2967	2372
2968	3032
2969	2970
2970	2971
2971	2972
2972	2973
2973	2974
2974	2975
2975	2974
2976	133
2977	2978
2978	3042
2979	2915
2980	2916
2981	2982
2982	2983
2983	1707
2984	2985
2985	2984
2986	2987
2987	3051
2988	2987
2989	2988
2990	3947
2991	2990
2992	893
2993	3057
2994	2993
2995	2996
2996	2932
2997	2996
2998	3062
2999	3000
3000	3001
3001	3153
3002	2938
3003	3004
3004	3003
3005	3069
3006	3070
3007	3006
3008	2944
3009	2945
3010	3011
3011	3012
3012	3013
3013	3077
3014	3015
3015	3079
3016	3080
3017	3016
3018	2954
3019	3020
3020	3019
3021	3903
3022	3086
3023	2959
3024	3023
3025	3024
3026	2192
3027	869
3028	2964
3029	3030
3030	3029
3031	3095
3032	3033
3033	3032
3034	3033
3035	3036
3036	3100
3037	3036
3038	2974
3039	2975
3040	3041
3041	2977
3042	3043
3043	3042
3044	3045
3045	2981
3046	3110
3047	3111
3048	498
3049	3048
3050	2986
3051	3115
3052	3051
3053	3054
3054	2990
3055	3054
3056	3057
3057	2993
3058	3057
3059	3058
3060	3059
3061	3062
3062	3063
3063	3612
3064	2256
3065	3066
3066	3130
3067	3131
3068	3004
3069	3070
3070	3069
3071	3135
3072	2182
3073	3137
3074	3073
3075	3139
3076	3075
3077	3076
3078	3014
3079	3078
3080	3144
3081	3017
3082	3081
3083	3082
3084	3148
3085	3086
3086	1762
3087	3088
3088	3087
3089	3090
3090	3154
3091	3027
3092	3028
3093	3094
3094	3030
3095	3031
3096	3032
3097	3033
3098	3034
3099	3100
3100	3099
3101	3100
3102	1507
3103	3635
3104	3168
3105	3169
3106	3107
3107	3171
3108	3044
3109	3108
3110	3111
3111	3175
3112	3048
3113	3114
3114	3178
3115	3175
3116	3180
3117	3116
3118	3054
3119	3118
3120	3119
3121	3057
3122	3058
3123	3122
3124	3060
3125	3126
3126	3125
3127	3063
3128	3192
3129	3130
3130	3131
3131	3130
3132	3133
3133	3197
3134	3135
3135	3134
3136	3200
3137	2820
3138	3139
3139	3138
3140	3139
3141	3077
3142	3141
3143	3144
3144	3080
3145	3081
3146	3145
3147	3146
3148	3084
3149	3148
3150	3086
3151	3087
3152	3088
3153	3089
3154	3090
3155	3154
3156	3220
3157	3221
3158	3157
3159	3158
3160	3096
3161	3160
3162	3098
3163	3164
3164	3228
3165	3164
3166	3230
3167	3166
3168	3167
3169	3170
3170	3106
3171	3172
3172	3726
3173	3237
3174	3110
3175	3174
3176	3177
3177	3113
3178	3177
3179	3178
3180	3116
3181	2797
3182	2810
3183	3119
3184	3120
3185	3249
3186	3187
3187	3188
3188	3189
3189	3190
3190	3126
3191	3255
3192	3256
3193	3257
3194	3193
3195	2272
3196	3260
3197	3198
3198	3262
3199	3263
3200	3201
3201	3200
3202	3266
3203	3204
3204	3205
3205	3141
3206	3207
3207	1764
3208	3272
3209	3210
3210	3209
3211	3210
3212	93
3213	3149
3214	3150
3215	3216
3216	3280
3217	3216
3218	3282
3219	3218
3220	3219
3221	3285
3222	3223
3223	3222
3224	3160
3225	3289
3226	292
3227	3226
3228	3164
3229	3165
3230	3229
3231	3232
3232	3233
3233	3232
3234	3233
3235	3171
3236	3237
3237	3236
3238	3239
3239	3303
3240	3241
3241	3177
3242	3241
3243	3244
3244	3180
3245	3246
3246	3310
3247	3246
3248	3247
3249	3248
3250	3001
3251	3187
3252	3316
3253	3254
3254	3318
3255	3191
3256	3192
3257	3256
3258	3322
3259	3195
3260	3259
3261	935
3262	3263
3263	3199
3264	3200
3265	3201
3266	3202
3267	3331
3268	3269
3269	3268
3270	3334
3271	3335
3272	3336
3273	3337
3274	751
3275	3276
3276	3212
3277	3341
3278	3277
3279	3215
3280	3344
3281	3282
3282	3283
3283	3282
3284	3220
3285	3284
3286	3287
3287	3351
3288	1072
3289	3225
3290	3226
3291	3227
3292	3356
3293	3357
3294	3295
3295	3296
3296	3295
3297	3296
3298	3299
3299	3363
3300	3301
3301	3302
3302	3303
3303	3367
3304	3240
3305	3369
3306	3307
3307	3306
3308	3244
3309	3308
3310	3246
3311	3247
3312	55
3313	3314
3314	3313
3315	3316
3316	3380
3317	3253
3318	3319
3319	3255
3320	3256
3321	3257
3322	3323
3323	1964
3324	495
3325	3326
3326	3327
3327	3391
3328	3264
3329	3393
3330	3266
3331	3330
3332	3396
3333	3397
3334	3333
3335	3334
3336	3400
3337	2174
3338	1222
3339	3338
3340	3404
3341	3405
3342	3343
3343	3344
3344	3280
3345	3363
3346	3345
3347	3411
3348	1480
3349	3350
3350	3286
3351	1397
3352	3416
3353	3417
3354	3418
3355	3356
3356	3355
3357	3421
3358	3359
3359	3358
3360	3296
3361	3425
3362	3361
3363	3362
3364	529
3365	3364
3366	3430
3367	3431
3368	3304
3369	3370
3370	3306
3371	2611
3372	1227
3373	1736
3374	3375
3375	3376
3376	3312
3377	3441
3378	3377
3379	3315
3380	3316
3381	3445
3382	3446
3383	3447
3384	3448
3385	3449
3386	3450
3387	3451
3388	2459
3389	3388
3390	3326
3391	3455
3392	3393
3393	3392
3394	3395
3395	3459
3396	3397
3397	3461
3398	3399
3399	3335
3400	3401
3401	3465
3402	3338
3403	3339
3404	3340
3405	3341
3406	3470
3407	3343
3408	3409
3409	3345
3410	3409
3411	3412
3412	3411
3413	824
3414	3350
3415	3351
3416	3415
3417	3481
3418	534
3419	2784
3420	3466
3421	3422
3422	3358
3423	3424
3424	3423
3425	3361
3426	3490
3427	3428
3428	3429
3429	3365
3430	979
3431	3495
3432	3368
3433	3538
3434	3498
3435	3434
3436	3500
3437	3373
3438	3439
3439	3375
3440	3376
3441	3505
3442	3443
3443	2010
3444	3380
3445	3446
3446	3382
3447	3448
3448	3384
3449	3450
3450	3514
3451	3387
3452	3516
3453	3454
3454	3453
3455	3519
3456	3520
3457	3458
3458	3459
3459	3523
3460	3524
3461	3462
3462	3463
3463	3464
3464	3463
3465	3464
3466	3465
3467	3531
3468	3469
3469	3470
3470	3406
3471	3470
3472	3473
3473	376
3474	3475
3475	3476
3476	3540
3477	3413
3478	3414
3479	3415
3480	2074
3481	3417
3482	3418
3483	3482
3484	3485
3485	3484
3486	3422
3487	3423
3488	3552
3489	1965
3490	3554
3491	3427
3492	3556
3493	3492
3494	3014
3495	3559
3496	3432
3497	3498
3498	3499
3499	3500
3500	3499
3501	3437
3502	3438
3503	3439
3504	3568
3505	3504
3506	3505
3507	3506
3508	3572
3509	3510
3510	3511
3511	3510
3512	3513
3513	3449
3514	3515
3515	3327
3516	3517
3517	3453
3518	3454
3519	3583
3520	3456
3521	1183
3522	2388
3523	3459
3524	3588
3525	3461
3526	3462
3527	3526
3528	3529
3529	3528
3530	3529
3531	3532
3532	3531
3533	3534
3534	3535
3535	3599
3536	3600
3537	3473
3538	2015
3539	3475
3540	3541
3541	3540
3542	3606
3543	3544
3544	3608
3545	3481
3546	3482
3547	3548
3548	3612
3549	3485
3550	3551
3551	3487
3552	3616
3553	3489
3554	2033
3555	3556
3556	3492
3557	3556
3558	3557
3559	3558
3560	3624
3561	3625
3562	3498
3563	3562
3564	3563
3565	3564
3566	3567
3567	3631
3568	3504
3569	3570
3570	3506
3571	3507
3572	3573
3573	3509
3574	3981
3575	3576
3576	3512
3577	3641
3578	3577
3579	3580
3580	3579
3581	3580
3582	3646
3583	3519
3584	3520
3585	3521
3586	3587
3587	3586
3588	3524
3589	3588
3590	3654
3591	3655
3592	3528
3593	3594
3594	3595
3595	3659
3596	3853
3597	1634
3598	3662
3599	3598
3600	3536
3601	3600
3602	3601
3603	3667
3604	3540
3605	3391
3606	3607
3607	2254
3608	3672
3609	3610
3610	3674
3611	3610
3612	3676
3613	3549
3614	3615
3615	3679
3616	3680
3617	3681
3618	3619
3619	3618
3620	3621
3621	3620
3622	3623
3623	3622
3624	3625
3625	3561
3626	3625
3627	3626
3628	6
3629	3628
3630	3629
3631	3630
3632	3696
3633	3632
3634	3633
3635	3699
3636	845
3637	1563
3638	3702
3639	3640
3640	3641
3641	3640
3642	3643
3643	3707
3644	3645
3645	3581
3646	3582
3647	3306
3648	3649
3649	3713
3650	3714
3651	3650
3652	3651
3653	3589
3654	3590
3655	3719
3656	3592
3657	3721
3658	3657
3659	3595
3660	3596
3661	3597
3662	330
3663	3727
3664	3600
3665	3601
3666	3667
3667	2359
3668	3669
3669	3733
3670	3671
3671	3735
3672	3736
3673	3674
3674	3610
3675	3611
3676	3675
3677	3741
3678	3614
3679	3680
3680	3744
3681	3680
3682	3746
3683	3747
3684	3847
3685	3621
3686	3687
3687	3686
3688	3687
3689	3995
3690	3689
3691	3690
3692	3756
3693	3694
3694	2360
3695	3759
3696	3632
3697	3633
3698	3699
3699	3700
3700	3699
3701	3637
3702	3766
3703	3702
3704	3768
3705	3769
3706	3770
3707	3706
3708	3772
3709	3645
3710	3711
3711	3647
3712	290
3713	3649
3714	3713
3715	1935
3716	150
3717	3778
3718	3717
3719	3783
3720	1329
3721	3720
3722	3723
3723	3724
3724	3723
3725	3724
3726	3725
3727	1828
3728	3664
3729	3793
3730	3794
3731	3730
3732	3731
3733	3797
3734	3670
3735	3671
3736	3735
3737	3801
3738	3802
3739	3740
3740	3739
3741	3740
3742	3806
3743	3807
3744	3680
3745	3681
3746	3810
3747	3811
3748	3747
3749	3748
3750	3686
3751	3750
3752	3751
3753	3817
3754	3755
3755	3691
3756	3692
3757	3758
3758	3822
3759	3695
3760	3759
3761	3760
3762	3761
3763	3827
3764	3828
3765	3701
3766	3702
3767	3703
3768	3832
3769	3705
3770	3771
3771	3772
3772	3836
3773	3837
3774	3775
3775	3774
3776	3712
3777	3776
3778	3714
3779	3780
3780	1508
3781	1315
3782	3783
3783	3782
3784	3720
3785	3849
3786	3787
3787	3851
3788	1616
3789	3725
3790	3854
3791	3792
3792	3793
3793	3794
3794	3795
3795	3796
3796	3797
3797	3796
3798	3734
3799	3800
3800	3736
3801	3802
3802	3738
3803	3739
3804	3805
3805	3806
3806	3805
3807	3871
3808	2946
3809	3745
3810	3746
3811	3180
3812	3876
3813	3812
3814	3815
3815	3879
3816	3815
3817	3881
3818	3817
3819	3883
3820	552
3821	3757
3822	3821
3823	3822
3824	3888
3825	3889
3826	3827
3827	3826
3828	3892
3829	3893
3830	3894
3831	3830
3832	3833
3833	3834
3834	3770
3835	3836
3836	3900
3837	3773
3838	3839
3839	3903
3840	406
3841	1317
3842	3841
3843	3196
3844	3845
3845	3846
3846	3845
3847	3848
3848	3849
3849	3848
3850	3786
3851	3850
3852	3788
3853	3852
3854	3790
3855	3841
3856	3920
3857	3793
3858	3794
3859	3858
3860	3796
3861	3797
3862	2239
3863	3862
3864	3800
3865	3929
3866	3802
3867	3868
3868	3869
3869	3868
3870	3871
3871	3935
3872	3873
3873	3937
3874	3873
3875	3939
3876	3812
3877	3941
3878	3877
3879	3943
3880	3816
3881	3817
3882	3946
3883	3882
3884	3885
3885	3949
3886	3950
3887	3888
3888	3887
3889	3890
3890	3891
3891	3890
3892	3822
3893	3957
3894	3893
3895	3959
3896	3960
3897	3961
3898	3664
3899	3900
3900	3878
3901	3965
3902	3838
3903	3967
3904	3968
3905	3904
3906	3907
3907	3971
3908	3972
3909	3908
3910	3911
3911	3847
3912	3913
3913	3977
3914	3850
3915	3916
3916	3917
3917	2269
3918	3982
3919	1173
3920	3919
3921	3857
3922	3923
3923	3924
3924	3860
3925	3989
3926	3927
3927	3928
3928	3927
3929	3928
3930	3931
3931	132
3932	3931
3933	3869
3934	1344
3935	3934
3936	4000
3937	3936
3938	1572
3939	3938
3940	3941
3941	3940
3942	174
3943	4007
3944	4008
3945	3881
3946	3945
3947	4011
3948	3949
3949	3885
3950	3949
3951	3950
3952	3888
3953	3952
3954	4018
3955	3891
3956	4020
3957	3893
3958	3959
3959	4023
3960	3959
3961	4025
3962	3963
3963	4027
3964	4028
3965	3901
3966	4030
3967	4031
3968	4032
3969	3970
3970	3969
3971	4035
3972	1542
3973	3972
3974	3975
3975	3976
3976	3977
3977	3978
3978	3979
3979	3978
3980	4044
3981	3917
3982	4046
3983	4047
3984	3985
3985	3986
3986	3985
3987	3988
3988	4052
3989	4053
3990	4054
3991	3990
3992	3991
3993	3992
3994	3995
3995	2961
3996	3997
3997	3998
3998	3997
3999	4063
4000	4001
4001	4000
4002	4066
4003	4002
4004	4003
4005	4006
4006	4005
4007	4006
4008	4009
4009	4008
4010	4011
4011	4012
4012	1810
4013	4077
4014	4015
4015	3951
4016	3332
4017	1666
4018	3954
4019	4083
4020	4019
4021	4022
4022	3958
4023	3959
4024	4088
4025	3961
4026	4090
4027	4028
4028	4029
4029	4028
4030	4094
4031	4030
4032	4033
4033	4032
4034	3970
4035	4034
4036	4035
4037	4038
4038	3974
4039	4038
4040	4041
4041	3977
4042	3978
4043	4042
4044	3980
4045	4044
4046	3982
4047	4048
4048	4049
4049	4050
4050	3986
4051	4052
4052	3147
4053	4054
4054	4053
4055	4056
4056	3750
4057	4056
4058	4059
4059	4058
4060	4061
4061	4060
4062	4063
4063	4062
4064	4000
4065	4064
4066	4002
4067	4068
4068	4067
4069	4070
4070	4006
4071	4072
4072	4071
4073	4074
4074	4010
4075	4076
4076	4012
4077	4078
4078	4014
4079	4080
4080	4016
4081	4080
4082	4081
4083	4082
4084	4020
4085	4021
4086	3964
4087	4086
4088	4024
4089	4088
4090	4091
4091	4092
4092	4093
4093	4092
4094	4093
4095	4094
