0	4095
1	2048
2	1024
3	3072
4	512
5	2560
6	1536
7	3584
8	256
9	2304
10	1280
11	3328
12	768
13	2816
14	1792
15	3840
16	128
17	2176
18	1152
19	3200
20	640
21	2688
22	1664
23	3712
24	384
25	2432
26	1408
27	3456
28	896
29	2944
30	1920
31	3968
32	64
33	2112
34	1088
35	3136
36	576
37	2624
38	1600
39	3648
40	320
41	2368
42	1344
43	3392
44	832
45	2880
46	1856
47	3904
48	192
49	2240
50	1216
51	3264
52	704
53	2752
54	1728
55	3776
56	448
57	2496
58	1472
59	3520
60	960
61	3008
62	1984
63	4032
64	32
65	2080
66	1056
67	3104
68	544
69	2592
70	1568
71	3616
72	288
73	2336
74	1312
75	3360
76	800
77	2848
78	1824
79	3872
80	160
81	2208
82	1184
83	3232
84	672
85	2720
86	1696
87	3744
88	416
89	2464
90	1440
91	3488
92	928
93	2976
94	1952
95	4000
96	3999
97	2144
98	1120
99	3168
100	608
101	2656
102	1632
103	3680
104	352
105	2400
106	1376
107	3424
108	864
109	2912
110	1888
111	3936
112	224
113	2272
114	1248
115	3296
116	736
117	2784
118	1760
119	3808
120	480
121	2528
122	1504
123	3552
124	992
125	3040
126	2016
127	4064
128	16
129	2064
130	1040
131	3088
132	528
133	2576
134	1552
135	3600
136	272
137	2320
138	1296
139	3344
140	784
141	2832
142	1808
143	3856
144	3951
145	2192
146	1168
147	3216
148	656
149	2704
150	1680
151	3728
152	400
153	2448
154	1424
155	3472
156	912
157	2960
158	1936
159	3984
160	80
161	2128
162	1104
163	3152
164	592
165	2640
166	1616
167	3664
168	336
169	2384
170	1360
171	3408
172	848
173	2896
174	1872
175	3920
176	208
177	2256
178	1232
179	3280
180	720
181	2768
182	1744
183	3792
184	464
185	2512
186	1488
187	3536
188	976
189	3024
190	2000
191	4048
192	48
193	2096
194	1072
195	3120
196	560
197	2608
198	1584
199	3632
200	304
201	2352
202	1328
203	3376
204	816
205	2864
206	1840
207	3888
208	176
209	2224
210	1200
211	3248
212	688
213	2736
214	1712
215	3760
216	432
217	2480
218	1456
219	3504
220	944
221	2992
222	1968
223	4016
224	112
225	2160
226	1136
227	3184
228	624
229	2672
230	1648
231	3696
232	368
233	2416
234	1392
235	3440
236	880
237	2928
238	1904
239	3952
240	3855
241	2288
242	1264
243	3312
244	752
245	2800
246	1776
247	3824
248	496
249	2544
250	1520
251	3568
252	1008
253	3056
254	2032
255	4080
256	8
257	2056
258	1032
259	3080
260	520
261	2568
262	1544
263	3592
264	3831
265	2312
266	1288
267	3336
268	776
269	2824
270	1800
271	3848
272	136
273	2184
274	1160
275	3208
276	648
277	2696
278	1672
279	3720
280	392
281	2440
282	1416
283	3464
284	904
285	2952
286	1928
287	3976
288	72
289	2120
290	1096
291	3144
292	584
293	2632
294	1608
295	3656
296	328
297	2376
298	1352
299	3400
300	840
301	2888
302	1864
303	3912
304	200
305	2248
306	1224
307	3272
308	712
309	2760
310	1736
311	3784
312	456
313	2504
314	1480
315	3528
316	968
317	3016
318	1992
319	4040
320	40
321	2088
322	1064
323	3112
324	552
325	2600
326	1576
327	3624
328	296
329	2344
330	1320
331	3368
332	808
333	2856
334	1832
335	3880
336	168
337	2216
338	1192
339	3240
340	680
341	2728
342	1704
343	3752
344	424
345	2472
346	1448
347	3496
348	936
349	2984
350	1960
351	4008
352	104
353	2152
354	1128
355	3176
356	616
357	2664
358	1640
359	3688
360	3735
361	2408
362	1384
363	3432
364	872
365	2920
366	1896
367	3944
368	232
369	2280
370	1256
371	3304
372	744
373	2792
374	1768
375	3816
376	488
377	2536
378	1512
379	3560
380	1000
381	3048
382	2024
383	4072
384	24
385	2072
386	1048
387	3096
388	536
389	2584
390	1560
391	3608
392	280
393	2328
394	1304
395	3352
396	792
397	2840
398	1816
399	3864
400	152
401	2200
402	1176
403	3224
404	664
405	2712
406	1688
407	3736
408	3687
409	2456
410	1432
411	3480
412	920
413	2968
414	1944
415	3992
416	88
417	2136
418	1112
419	3160
420	600
421	2648
422	1624
423	3672
424	344
425	2392
426	1368
427	3416
428	856
429	2904
430	1880
431	3928
432	216
433	2264
434	1240
435	3288
436	728
437	2776
438	1752
439	3800
440	472
441	2520
442	1496
443	3544
444	984
445	3032
446	2008
447	4056
448	56
449	2104
450	1080
451	3128
452	568
453	2616
454	1592
455	3640
456	312
457	2360
458	1336
459	3384
460	824
461	2872
462	1848
463	3896
464	184
465	2232
466	1208
467	3256
468	696
469	2744
470	1720
471	3768
472	440
473	2488
474	1464
475	3512
476	952
477	3000
478	1976
479	4024
480	120
481	2168
482	1144
483	3192
484	632
485	2680
486	1656
487	3704
488	376
489	2424
490	1400
491	3448
492	888
493	2936
494	1912
495	3960
496	248
497	2296
498	1272
499	3320
500	760
501	2808
502	1784
503	3832
504	3591
505	2552
506	1528
507	3576
508	1016
509	3064
510	2040
511	4088
512	4
513	2052
514	1028
515	3076
516	3579
517	2564
518	1540
519	3588
520	260
521	2308
522	1284
523	3332
524	772
525	2820
526	1796
527	3844
528	132
529	2180
530	1156
531	3204
532	644
533	2692
534	1668
535	3716
536	388
537	2436
538	1412
539	3460
540	900
541	2948
542	1924
543	3972
544	68
545	2116
546	1092
547	3140
548	580
549	2628
550	1604
551	3652
552	324
553	2372
554	1348
555	3396
556	836
557	2884
558	1860
559	3908
560	196
561	2244
562	1220
563	3268
564	708
565	2756
566	1732
567	3780
568	452
569	2500
570	1476
571	3524
572	964
573	3012
574	1988
575	4036
576	36
577	2084
578	1060
579	3108
580	548
581	2596
582	1572
583	3620
584	292
585	2340
586	1316
587	3364
588	804
589	2852
590	1828
591	3876
592	164
593	2212
594	1188
595	3236
596	676
597	2724
598	1700
599	3748
600	420
601	2468
602	1444
603	3492
604	932
605	2980
606	1956
607	4004
608	100
609	2148
610	1124
611	3172
612	3483
613	2660
614	1636
615	3684
616	356
617	2404
618	1380
619	3428
620	868
621	2916
622	1892
623	3940
624	228
625	2276
626	1252
627	3300
628	740
629	2788
630	1764
631	3812
632	484
633	2532
634	1508
635	3556
636	996
637	3044
638	2020
639	4068
640	20
641	2068
642	1044
643	3092
644	532
645	2580
646	1556
647	3604
648	276
649	2324
650	1300
651	3348
652	788
653	2836
654	1812
655	3860
656	148
657	2196
658	1172
659	3220
660	3435
661	2708
662	1684
663	3732
664	404
665	2452
666	1428
667	3476
668	916
669	2964
670	1940
671	3988
672	84
673	2132
674	1108
675	3156
676	596
677	2644
678	1620
679	3668
680	340
681	2388
682	1364
683	3412
684	852
685	2900
686	1876
687	3924
688	212
689	2260
690	1236
691	3284
692	724
693	2772
694	1748
695	3796
696	468
697	2516
698	1492
699	3540
700	980
701	3028
702	2004
703	4052
704	52
705	2100
706	1076
707	3124
708	564
709	2612
710	1588
711	3636
712	308
713	2356
714	1332
715	3380
716	820
717	2868
718	1844
719	3892
720	180
721	2228
722	1204
723	3252
724	692
725	2740
726	1716
727	3764
728	436
729	2484
730	1460
731	3508
732	948
733	2996
734	1972
735	4020
736	116
737	2164
738	1140
739	3188
740	628
741	2676
742	1652
743	3700
744	372
745	2420
746	1396
747	3444
748	884
749	2932
750	1908
751	3956
752	244
753	2292
754	1268
755	3316
756	3339
757	2804
758	1780
759	3828
760	500
761	2548
762	1524
763	3572
764	1012
765	3060
766	2036
767	4084
768	12
769	2060
770	1036
771	3084
772	524
773	2572
774	1548
775	3596
776	268
777	2316
778	1292
779	3340
780	3315
781	2828
782	1804
783	3852
784	140
785	2188
786	1164
787	3212
788	652
789	2700
790	1676
791	3724
792	396
793	2444
794	1420
795	3468
796	908
797	2956
798	1932
799	3980
800	76
801	2124
802	1100
803	3148
804	588
805	2636
806	1612
807	3660
808	332
809	2380
810	1356
811	3404
812	844
813	2892
814	1868
815	3916
816	204
817	2252
818	1228
819	3276
820	716
821	2764
822	1740
823	3788
824	460
825	2508
826	1484
827	3532
828	972
829	3020
830	1996
831	4044
832	44
833	2092
834	1068
835	3116
836	556
837	2604
838	1580
839	3628
840	300
841	2348
842	1324
843	3372
844	812
845	2860
846	1836
847	3884
848	172
849	2220
850	1196
851	3244
852	684
853	2732
854	1708
855	3756
856	428
857	2476
858	1452
859	3500
860	940
861	2988
862	1964
863	4012
864	108
865	2156
866	1132
867	3180
868	620
869	2668
870	1644
871	3692
872	364
873	2412
874	1388
875	3436
876	3219
877	2924
878	1900
879	3948
880	236
881	2284
882	1260
883	3308
884	748
885	2796
886	1772
887	3820
888	492
889	2540
890	1516
891	3564
892	1004
893	3052
894	2028
895	4076
896	28
897	2076
898	1052
899	3100
900	540
901	2588
902	1564
903	3612
904	284
905	2332
906	1308
907	3356
908	796
909	2844
910	1820
911	3868
912	156
913	2204
914	1180
915	3228
916	668
917	2716
918	1692
919	3740
920	412
921	2460
922	1436
923	3484
924	3171
925	2972
926	1948
927	3996
928	92
929	2140
930	1116
931	3164
932	604
933	2652
934	1628
935	3676
936	348
937	2396
938	1372
939	3420
940	860
941	2908
942	1884
943	3932
944	220
945	2268
946	1244
947	3292
948	732
949	2780
950	1756
951	3804
952	476
953	2524
954	1500
955	3548
956	988
957	3036
958	2012
959	4060
960	60
961	2108
962	1084
963	3132
964	572
965	2620
966	1596
967	3644
968	316
969	2364
970	1340
971	3388
972	828
973	2876
974	1852
975	3900
976	188
977	2236
978	1212
979	3260
980	700
981	2748
982	1724
983	3772
984	444
985	2492
986	1468
987	3516
988	956
989	3004
990	1980
991	4028
992	124
993	2172
994	1148
995	3196
996	636
997	2684
998	1660
999	3708
1000	380
1001	2428
1002	1404
1003	3452
1004	892
1005	2940
1006	1916
1007	3964
1008	252
1009	2300
1010	1276
1011	3324
1012	764
1013	2812
1014	1788
1015	3836
1016	508
1017	2556
1018	1532
1019	3580
1020	3075
1021	3068
1022	2044
1023	4092
1024	2
1025	2050
1026	3069
1027	3074
1028	514
1029	2562
1030	1538
1031	3586
1032	258
1033	2306
1034	1282
1035	3330
1036	770
1037	2818
1038	1794
1039	3842
1040	130
1041	2178
1042	1154
1043	3202
1044	642
1045	2690
1046	1666
1047	3714
1048	386
1049	2434
1050	1410
1051	3458
1052	898
1053	2946
1054	1922
1055	3970
1056	66
1057	2114
1058	1090
1059	3138
1060	578
1061	2626
1062	1602
1063	3650
1064	322
1065	2370
1066	1346
1067	3394
1068	834
1069	2882
1070	1858
1071	3906
1072	194
1073	2242
1074	1218
1075	3266
1076	706
1077	2754
1078	1730
1079	3778
1080	450
1081	2498
1082	1474
1083	3522
1084	962
1085	3010
1086	1986
1087	4034
1088	34
1089	2082
1090	1058
1091	3106
1092	546
1093	2594
1094	1570
1095	3618
1096	290
1097	2338
1098	1314
1099	3362
1100	802
1101	2850
1102	1826
1103	3874
1104	162
1105	2210
1106	1186
1107	3234
1108	674
1109	2722
1110	1698
1111	3746
1112	418
1113	2466
1114	1442
1115	3490
1116	930
1117	2978
1118	1954
1119	4002
1120	98
1121	2146
1122	2973
1123	3170
1124	610
1125	2658
1126	1634
1127	3682
1128	354
1129	2402
1130	1378
1131	3426
1132	866
1133	2914
1134	1890
1135	3938
1136	226
1137	2274
1138	1250
1139	3298
1140	738
1141	2786
1142	1762
1143	3810
1144	482
1145	2530
1146	1506
1147	3554
1148	994
1149	3042
1150	2018
1151	4066
1152	18
1153	2066
1154	1042
1155	3090
1156	530
1157	2578
1158	1554
1159	3602
1160	274
1161	2322
1162	1298
1163	3346
1164	786
1165	2834
1166	1810
1167	3858
1168	146
1169	2194
1170	2925
1171	3218
1172	658
1173	2706
1174	1682
1175	3730
1176	402
1177	2450
1178	1426
1179	3474
1180	914
1181	2962
1182	1938
1183	3986
1184	82
1185	2130
1186	1106
1187	3154
1188	594
1189	2642
1190	1618
1191	3666
1192	338
1193	2386
1194	1362
1195	3410
1196	850
1197	2898
1198	1874
1199	3922
1200	210
1201	2258
1202	1234
1203	3282
1204	722
1205	2770
1206	1746
1207	3794
1208	466
1209	2514
1210	1490
1211	3538
1212	978
1213	3026
1214	2002
1215	4050
1216	50
1217	2098
1218	1074
1219	3122
1220	562
1221	2610
1222	1586
1223	3634
1224	306
1225	2354
1226	1330
1227	3378
1228	818
1229	2866
1230	1842
1231	3890
1232	178
1233	2226
1234	1202
1235	3250
1236	690
1237	2738
1238	1714
1239	3762
1240	434
1241	2482
1242	1458
1243	3506
1244	946
1245	2994
1246	1970
1247	4018
1248	114
1249	2162
1250	1138
1251	3186
1252	626
1253	2674
1254	1650
1255	3698
1256	370
1257	2418
1258	1394
1259	3442
1260	882
1261	2930
1262	1906
1263	3954
1264	242
1265	2290
1266	2829
1267	3314
1268	754
1269	2802
1270	1778
1271	3826
1272	498
1273	2546
1274	1522
1275	3570
1276	1010
1277	3058
1278	2034
1279	4082
1280	10
1281	2058
1282	1034
1283	3082
1284	522
1285	2570
1286	1546
1287	3594
1288	266
1289	2314
1290	2805
1291	3338
1292	778
1293	2826
1294	1802
1295	3850
1296	138
1297	2186
1298	1162
1299	3210
1300	650
1301	2698
1302	1674
1303	3722
1304	394
1305	2442
1306	1418
1307	3466
1308	906
1309	2954
1310	1930
1311	3978
1312	74
1313	2122
1314	1098
1315	3146
1316	586
1317	2634
1318	1610
1319	3658
1320	330
1321	2378
1322	1354
1323	3402
1324	842
1325	2890
1326	1866
1327	3914
1328	202
1329	2250
1330	1226
1331	3274
1332	714
1333	2762
1334	1738
1335	3786
1336	458
1337	2506
1338	1482
1339	3530
1340	970
1341	3018
1342	1994
1343	4042
1344	42
1345	2090
1346	1066
1347	3114
1348	554
1349	2602
1350	1578
1351	3626
1352	298
1353	2346
1354	1322
1355	3370
1356	810
1357	2858
1358	1834
1359	3882
1360	170
1361	2218
1362	1194
1363	3242
1364	682
1365	2730
1366	1706
1367	3754
1368	426
1369	2474
1370	1450
1371	3498
1372	938
1373	2986
1374	1962
1375	4010
1376	106
1377	2154
1378	1130
1379	3178
1380	618
1381	2666
1382	1642
1383	3690
1384	362
1385	2410
1386	2709
1387	3434
1388	874
1389	2922
1390	1898
1391	3946
1392	234
1393	2282
1394	1258
1395	3306
1396	746
1397	2794
1398	1770
1399	3818
1400	490
1401	2538
1402	1514
1403	3562
1404	1002
1405	3050
1406	2026
1407	4074
1408	26
1409	2074
1410	1050
1411	3098
1412	538
1413	2586
1414	1562
1415	3610
1416	282
1417	2330
1418	1306
1419	3354
1420	794
1421	2842
1422	1818
1423	3866
1424	154
1425	2202
1426	1178
1427	3226
1428	666
1429	2714
1430	1690
1431	3738
1432	410
1433	2458
1434	2661
1435	3482
1436	922
1437	2970
1438	1946
1439	3994
1440	90
1441	2138
1442	1114
1443	3162
1444	602
1445	2650
1446	1626
1447	3674
1448	346
1449	2394
1450	1370
1451	3418
1452	858
1453	2906
1454	1882
1455	3930
1456	218
1457	2266
1458	1242
1459	3290
1460	730
1461	2778
1462	1754
1463	3802
1464	474
1465	2522
1466	1498
1467	3546
1468	986
1469	3034
1470	2010
1471	4058
1472	58
1473	2106
1474	1082
1475	3130
1476	570
1477	2618
1478	1594
1479	3642
1480	314
1481	2362
1482	1338
1483	3386
1484	826
1485	2874
1486	1850
1487	3898
1488	186
1489	2234
1490	1210
1491	3258
1492	698
1493	2746
1494	1722
1495	3770
1496	442
1497	2490
1498	1466
1499	3514
1500	954
1501	3002
1502	1978
1503	4026
1504	122
1505	2170
1506	1146
1507	3194
1508	634
1509	2682
1510	1658
1511	3706
1512	378
1513	2426
1514	1402
1515	3450
1516	890
1517	2938
1518	1914
1519	3962
1520	250
1521	2298
1522	1274
1523	3322
1524	762
1525	2810
1526	1786
1527	3834
1528	506
1529	2554
1530	2565
1531	3578
1532	1018
1533	3066
1534	2042
1535	4090
1536	6
1537	2054
1538	1030
1539	3078
1540	518
1541	2566
1542	2553
1543	3590
1544	262
1545	2310
1546	1286
1547	3334
1548	774
1549	2822
1550	1798
1551	3846
1552	134
1553	2182
1554	1158
1555	3206
1556	646
1557	2694
1558	1670
1559	3718
1560	390
1561	2438
1562	1414
1563	3462
1564	902
1565	2950
1566	1926
1567	3974
1568	70
1569	2118
1570	1094
1571	3142
1572	582
1573	2630
1574	1606
1575	3654
1576	326
1577	2374
1578	1350
1579	3398
1580	838
1581	2886
1582	1862
1583	3910
1584	198
1585	2246
1586	1222
1587	3270
1588	710
1589	2758
1590	1734
1591	3782
1592	454
1593	2502
1594	1478
1595	3526
1596	966
1597	3014
1598	1990
1599	4038
1600	38
1601	2086
1602	1062
1603	3110
1604	550
1605	2598
1606	1574
1607	3622
1608	294
1609	2342
1610	1318
1611	3366
1612	806
1613	2854
1614	1830
1615	3878
1616	166
1617	2214
1618	1190
1619	3238
1620	678
1621	2726
1622	1702
1623	3750
1624	422
1625	2470
1626	1446
1627	3494
1628	934
1629	2982
1630	1958
1631	4006
1632	102
1633	2150
1634	1126
1635	3174
1636	614
1637	2662
1638	2457
1639	3686
1640	358
1641	2406
1642	1382
1643	3430
1644	870
1645	2918
1646	1894
1647	3942
1648	230
1649	2278
1650	1254
1651	3302
1652	742
1653	2790
1654	1766
1655	3814
1656	486
1657	2534
1658	1510
1659	3558
1660	998
1661	3046
1662	2022
1663	4070
1664	22
1665	2070
1666	1046
1667	3094
1668	534
1669	2582
1670	1558
1671	3606
1672	278
1673	2326
1674	1302
1675	3350
1676	790
1677	2838
1678	1814
1679	3862
1680	150
1681	2198
1682	1174
1683	3222
1684	662
1685	2710
1686	2409
1687	3734
1688	406
1689	2454
1690	1430
1691	3478
1692	918
1693	2966
1694	1942
1695	3990
1696	86
1697	2134
1698	1110
1699	3158
1700	598
1701	2646
1702	1622
1703	3670
1704	342
1705	2390
1706	1366
1707	3414
1708	854
1709	2902
1710	1878
1711	3926
1712	214
1713	2262
1714	1238
1715	3286
1716	726
1717	2774
1718	1750
1719	3798
1720	470
1721	2518
1722	1494
1723	3542
1724	982
1725	3030
1726	2006
1727	4054
1728	54
1729	2102
1730	1078
1731	3126
1732	566
1733	2614
1734	1590
1735	3638
1736	310
1737	2358
1738	1334
1739	3382
1740	822
1741	2870
1742	1846
1743	3894
1744	182
1745	2230
1746	1206
1747	3254
1748	694
1749	2742
1750	1718
1751	3766
1752	438
1753	2486
1754	1462
1755	3510
1756	950
1757	2998
1758	1974
1759	4022
1760	118
1761	2166
1762	1142
1763	3190
1764	630
1765	2678
1766	1654
1767	3702
1768	374
1769	2422
1770	1398
1771	3446
1772	886
1773	2934
1774	1910
1775	3958
1776	246
1777	2294
1778	1270
1779	3318
1780	758
1781	2806
1782	2313
1783	3830
1784	502
1785	2550
1786	1526
1787	3574
1788	1014
1789	3062
1790	2038
1791	4086
1792	14
1793	2062
1794	1038
1795	3086
1796	526
1797	2574
1798	1550
1799	3598
1800	270
1801	2318
1802	1294
1803	3342
1804	782
1805	2830
1806	2289
1807	3854
1808	142
1809	2190
1810	1166
1811	3214
1812	654
1813	2702
1814	1678
1815	3726
1816	398
1817	2446
1818	1422
1819	3470
1820	910
1821	2958
1822	1934
1823	3982
1824	78
1825	2126
1826	1102
1827	3150
1828	590
1829	2638
1830	1614
1831	3662
1832	334
1833	2382
1834	1358
1835	3406
1836	846
1837	2894
1838	1870
1839	3918
1840	206
1841	2254
1842	1230
1843	3278
1844	718
1845	2766
1846	1742
1847	3790
1848	462
1849	2510
1850	1486
1851	3534
1852	974
1853	3022
1854	1998
1855	4046
1856	46
1857	2094
1858	1070
1859	3118
1860	558
1861	2606
1862	1582
1863	3630
1864	302
1865	2350
1866	1326
1867	3374
1868	814
1869	2862
1870	1838
1871	3886
1872	174
1873	2222
1874	1198
1875	3246
1876	686
1877	2734
1878	1710
1879	3758
1880	430
1881	2478
1882	1454
1883	3502
1884	942
1885	2990
1886	1966
1887	4014
1888	110
1889	2158
1890	1134
1891	3182
1892	622
1893	2670
1894	1646
1895	3694
1896	366
1897	2414
1898	1390
1899	3438
1900	878
1901	2926
1902	2193
1903	3950
1904	238
1905	2286
1906	1262
1907	3310
1908	750
1909	2798
1910	1774
1911	3822
1912	494
1913	2542
1914	1518
1915	3566
1916	1006
1917	3054
1918	2030
1919	4078
1920	30
1921	2078
1922	1054
1923	3102
1924	542
1925	2590
1926	1566
1927	3614
1928	286
1929	2334
1930	1310
1931	3358
1932	798
1933	2846
1934	1822
1935	3870
1936	158
1937	2206
1938	1182
1939	3230
1940	670
1941	2718
1942	1694
1943	3742
1944	414
1945	2462
1946	1438
1947	3486
1948	926
1949	2974
1950	2145
1951	3998
1952	94
1953	2142
1954	1118
1955	3166
1956	606
1957	2654
1958	1630
1959	3678
1960	350
1961	2398
1962	1374
1963	3422
1964	862
1965	2910
1966	1886
1967	3934
1968	222
1969	2270
1970	1246
1971	3294
1972	734
1973	2782
1974	1758
1975	3806
1976	478
1977	2526
1978	1502
1979	3550
1980	990
1981	3038
1982	2014
1983	4062
1984	62
1985	2110
1986	1086
1987	3134
1988	574
1989	2622
1990	1598
1991	3646
1992	318
1993	2366
1994	1342
1995	3390
1996	830
1997	2878
1998	1854
1999	3902
2000	190
2001	2238
2002	1214
2003	3262
2004	702
2005	2750
2006	1726
2007	3774
2008	446
2009	2494
2010	1470
2011	3518
2012	958
2013	3006
2014	1982
2015	4030
2016	126
2017	2174
2018	1150
2019	3198
2020	638
2021	2686
2022	1662
2023	3710
2024	382
2025	2430
2026	1406
2027	3454
2028	894
2029	2942
2030	1918
2031	3966
2032	254
2033	2302
2034	1278
2035	3326
2036	766
2037	2814
2038	1790
2039	3838
2040	510
2041	2558
2042	1534
2043	3582
2044	1022
2045	3070
2046	2049
2047	4094
2048	1
2049	2046
2050	1025
2051	3073
2052	513
2053	2561
2054	1537
2055	3585
2056	257
2057	2305
2058	1281
2059	3329
2060	769
2061	2817
2062	1793
2063	3841
2064	129
2065	2177
2066	1153
2067	3201
2068	641
2069	2689
2070	1665
2071	3713
2072	385
2073	2433
2074	1409
2075	3457
2076	897
2077	2945
2078	1921
2079	3969
2080	65
2081	2113
2082	1089
2083	3137
2084	577
2085	2625
2086	1601
2087	3649
2088	321
2089	2369
2090	1345
2091	3393
2092	833
2093	2881
2094	1857
2095	3905
2096	193
2097	2241
2098	1217
2099	3265
2100	705
2101	2753
2102	1729
2103	3777
2104	449
2105	2497
2106	1473
2107	3521
2108	961
2109	3009
2110	1985
2111	4033
2112	33
2113	2081
2114	1057
2115	3105
2116	545
2117	2593
2118	1569
2119	3617
2120	289
2121	2337
2122	1313
2123	3361
2124	801
2125	2849
2126	1825
2127	3873
2128	161
2129	2209
2130	1185
2131	3233
2132	673
2133	2721
2134	1697
2135	3745
2136	417
2137	2465
2138	1441
2139	3489
2140	929
2141	2977
2142	1953
2143	4001
2144	97
2145	1950
2146	1121
2147	3169
2148	609
2149	2657
2150	1633
2151	3681
2152	353
2153	2401
2154	1377
2155	3425
2156	865
2157	2913
2158	1889
2159	3937
2160	225
2161	2273
2162	1249
2163	3297
2164	737
2165	2785
2166	1761
2167	3809
2168	481
2169	2529
2170	1505
2171	3553
2172	993
2173	3041
2174	2017
2175	4065
2176	17
2177	2065
2178	1041
2179	3089
2180	529
2181	2577
2182	1553
2183	3601
2184	273
2185	2321
2186	1297
2187	3345
2188	785
2189	2833
2190	1809
2191	3857
2192	145
2193	1902
2194	1169
2195	3217
2196	657
2197	2705
2198	1681
2199	3729
2200	401
2201	2449
2202	1425
2203	3473
2204	913
2205	2961
2206	1937
2207	3985
2208	81
2209	2129
2210	1105
2211	3153
2212	593
2213	2641
2214	1617
2215	3665
2216	337
2217	2385
2218	1361
2219	3409
2220	849
2221	2897
2222	1873
2223	3921
2224	209
2225	2257
2226	1233
2227	3281
2228	721
2229	2769
2230	1745
2231	3793
2232	465
2233	2513
2234	1489
2235	3537
2236	977
2237	3025
2238	2001
2239	4049
2240	49
2241	2097
2242	1073
2243	3121
2244	561
2245	2609
2246	1585
2247	3633
2248	305
2249	2353
2250	1329
2251	3377
2252	817
2253	2865
2254	1841
2255	3889
2256	177
2257	2225
2258	1201
2259	3249
2260	689
2261	2737
2262	1713
2263	3761
2264	433
2265	2481
2266	1457
2267	3505
2268	945
2269	2993
2270	1969
2271	4017
2272	113
2273	2161
2274	1137
2275	3185
2276	625
2277	2673
2278	1649
2279	3697
2280	369
2281	2417
2282	1393
2283	3441
2284	881
2285	2929
2286	1905
2287	3953
2288	241
2289	1806
2290	1265
2291	3313
2292	753
2293	2801
2294	1777
2295	3825
2296	497
2297	2545
2298	1521
2299	3569
2300	1009
2301	3057
2302	2033
2303	4081
2304	9
2305	2057
2306	1033
2307	3081
2308	521
2309	2569
2310	1545
2311	3593
2312	265
2313	1782
2314	1289
2315	3337
2316	777
2317	2825
2318	1801
2319	3849
2320	137
2321	2185
2322	1161
2323	3209
2324	649
2325	2697
2326	1673
2327	3721
2328	393
2329	2441
2330	1417
2331	3465
2332	905
2333	2953
2334	1929
2335	3977
2336	73
2337	2121
2338	1097
2339	3145
2340	585
2341	2633
2342	1609
2343	3657
2344	329
2345	2377
2346	1353
2347	3401
2348	841
2349	2889
2350	1865
2351	3913
2352	201
2353	2249
2354	1225
2355	3273
2356	713
2357	2761
2358	1737
2359	3785
2360	457
2361	2505
2362	1481
2363	3529
2364	969
2365	3017
2366	1993
2367	4041
2368	41
2369	2089
2370	1065
2371	3113
2372	553
2373	2601
2374	1577
2375	3625
2376	297
2377	2345
2378	1321
2379	3369
2380	809
2381	2857
2382	1833
2383	3881
2384	169
2385	2217
2386	1193
2387	3241
2388	681
2389	2729
2390	1705
2391	3753
2392	425
2393	2473
2394	1449
2395	3497
2396	937
2397	2985
2398	1961
2399	4009
2400	105
2401	2153
2402	1129
2403	3177
2404	617
2405	2665
2406	1641
2407	3689
2408	361
2409	1686
2410	1385
2411	3433
2412	873
2413	2921
2414	1897
2415	3945
2416	233
2417	2281
2418	1257
2419	3305
2420	745
2421	2793
2422	1769
2423	3817
2424	489
2425	2537
2426	1513
2427	3561
2428	1001
2429	3049
2430	2025
2431	4073
2432	25
2433	2073
2434	1049
2435	3097
2436	537
2437	2585
2438	1561
2439	3609
2440	281
2441	2329
2442	1305
2443	3353
2444	793
2445	2841
2446	1817
2447	3865
2448	153
2449	2201
2450	1177
2451	3225
2452	665
2453	2713
2454	1689
2455	3737
2456	409
2457	1638
2458	1433
2459	3481
2460	921
2461	2969
2462	1945
2463	3993
2464	89
2465	2137
2466	1113
2467	3161
2468	601
2469	2649
2470	1625
2471	3673
2472	345
2473	2393
2474	1369
2475	3417
2476	857
2477	2905
2478	1881
2479	3929
2480	217
2481	2265
2482	1241
2483	3289
2484	729
2485	2777
2486	1753
2487	3801
2488	473
2489	2521
2490	1497
2491	3545
2492	985
2493	3033
2494	2009
2495	4057
2496	57
2497	2105
2498	1081
2499	3129
2500	569
2501	2617
2502	1593
2503	3641
2504	313
2505	2361
2506	1337
2507	3385
2508	825
2509	2873
2510	1849
2511	3897
2512	185
2513	2233
2514	1209
2515	3257
2516	697
2517	2745
2518	1721
2519	3769
2520	441
2521	2489
2522	1465
2523	3513
2524	953
2525	3001
2526	1977
2527	4025
2528	121
2529	2169
2530	1145
2531	3193
2532	633
2533	2681
2534	1657
2535	3705
2536	377
2537	2425
2538	1401
2539	3449
2540	889
2541	2937
2542	1913
2543	3961
2544	249
2545	2297
2546	1273
2547	3321
2548	761
2549	2809
2550	1785
2551	3833
2552	505
2553	1542
2554	1529
2555	3577
2556	1017
2557	3065
2558	2041
2559	4089
2560	5
2561	2053
2562	1029
2563	3077
2564	517
2565	1530
2566	1541
2567	3589
2568	261
2569	2309
2570	1285
2571	3333
2572	773
2573	2821
2574	1797
2575	3845
2576	133
2577	2181
2578	1157
2579	3205
2580	645
2581	2693
2582	1669
2583	3717
2584	389
2585	2437
2586	1413
2587	3461
2588	901
2589	2949
2590	1925
2591	3973
2592	69
2593	2117
2594	1093
2595	3141
2596	581
2597	2629
2598	1605
2599	3653
2600	325
2601	2373
2602	1349
2603	3397
2604	837
2605	2885
2606	1861
2607	3909
2608	197
2609	2245
2610	1221
2611	3269
2612	709
2613	2757
2614	1733
2615	3781
2616	453
2617	2501
2618	1477
2619	3525
2620	965
2621	3013
2622	1989
2623	4037
2624	37
2625	2085
2626	1061
2627	3109
2628	549
2629	2597
2630	1573
2631	3621
2632	293
2633	2341
2634	1317
2635	3365
2636	805
2637	2853
2638	1829
2639	3877
2640	165
2641	2213
2642	1189
2643	3237
2644	677
2645	2725
2646	1701
2647	3749
2648	421
2649	2469
2650	1445
2651	3493
2652	933
2653	2981
2654	1957
2655	4005
2656	101
2657	2149
2658	1125
2659	3173
2660	613
2661	1434
2662	1637
2663	3685
2664	357
2665	2405
2666	1381
2667	3429
2668	869
2669	2917
2670	1893
2671	3941
2672	229
2673	2277
2674	1253
2675	3301
2676	741
2677	2789
2678	1765
2679	3813
2680	485
2681	2533
2682	1509
2683	3557
2684	997
2685	3045
2686	2021
2687	4069
2688	21
2689	2069
2690	1045
2691	3093
2692	533
2693	2581
2694	1557
2695	3605
2696	277
2697	2325
2698	1301
2699	3349
2700	789
2701	2837
2702	1813
2703	3861
2704	149
2705	2197
2706	1173
2707	3221
2708	661
2709	1386
2710	1685
2711	3733
2712	405
2713	2453
2714	1429
2715	3477
2716	917
2717	2965
2718	1941
2719	3989
2720	85
2721	2133
2722	1109
2723	3157
2724	597
2725	2645
2726	1621
2727	3669
2728	341
2729	2389
2730	1365
2731	3413
2732	853
2733	2901
2734	1877
2735	3925
2736	213
2737	2261
2738	1237
2739	3285
2740	725
2741	2773
2742	1749
2743	3797
2744	469
2745	2517
2746	1493
2747	3541
2748	981
2749	3029
2750	2005
2751	4053
2752	53
2753	2101
2754	1077
2755	3125
2756	565
2757	2613
2758	1589
2759	3637
2760	309
2761	2357
2762	1333
2763	3381
2764	821
2765	2869
2766	1845
2767	3893
2768	181
2769	2229
2770	1205
2771	3253
2772	693
2773	2741
2774	1717
2775	3765
2776	437
2777	2485
2778	1461
2779	3509
2780	949
2781	2997
2782	1973
2783	4021
2784	117
2785	2165
2786	1141
2787	3189
2788	629
2789	2677
2790	1653
2791	3701
2792	373
2793	2421
2794	1397
2795	3445
2796	885
2797	2933
2798	1909
2799	3957
2800	245
2801	2293
2802	1269
2803	3317
2804	757
2805	1290
2806	1781
2807	3829
2808	501
2809	2549
2810	1525
2811	3573
2812	1013
2813	3061
2814	2037
2815	4085
2816	13
2817	2061
2818	1037
2819	3085
2820	525
2821	2573
2822	1549
2823	3597
2824	269
2825	2317
2826	1293
2827	3341
2828	781
2829	1266
2830	1805
2831	3853
2832	141
2833	2189
2834	1165
2835	3213
2836	653
2837	2701
2838	1677
2839	3725
2840	397
2841	2445
2842	1421
2843	3469
2844	909
2845	2957
2846	1933
2847	3981
2848	77
2849	2125
2850	1101
2851	3149
2852	589
2853	2637
2854	1613
2855	3661
2856	333
2857	2381
2858	1357
2859	3405
2860	845
2861	2893
2862	1869
2863	3917
2864	205
2865	2253
2866	1229
2867	3277
2868	717
2869	2765
2870	1741
2871	3789
2872	461
2873	2509
2874	1485
2875	3533
2876	973
2877	3021
2878	1997
2879	4045
2880	45
2881	2093
2882	1069
2883	3117
2884	557
2885	2605
2886	1581
2887	3629
2888	301
2889	2349
2890	1325
2891	3373
2892	813
2893	2861
2894	1837
2895	3885
2896	173
2897	2221
2898	1197
2899	3245
2900	685
2901	2733
2902	1709
2903	3757
2904	429
2905	2477
2906	1453
2907	3501
2908	941
2909	2989
2910	1965
2911	4013
2912	109
2913	2157
2914	1133
2915	3181
2916	621
2917	2669
2918	1645
2919	3693
2920	365
2921	2413
2922	1389
2923	3437
2924	877
2925	1170
2926	1901
2927	3949
2928	237
2929	2285
2930	1261
2931	3309
2932	749
2933	2797
2934	1773
2935	3821
2936	493
2937	2541
2938	1517
2939	3565
2940	1005
2941	3053
2942	2029
2943	4077
2944	29
2945	2077
2946	1053
2947	3101
2948	541
2949	2589
2950	1565
2951	3613
2952	285
2953	2333
2954	1309
2955	3357
2956	797
2957	2845
2958	1821
2959	3869
2960	157
2961	2205
2962	1181
2963	3229
2964	669
2965	2717
2966	1693
2967	3741
2968	413
2969	2461
2970	1437
2971	3485
2972	925
2973	1122
2974	1949
2975	3997
2976	93
2977	2141
2978	1117
2979	3165
2980	605
2981	2653
2982	1629
2983	3677
2984	349
2985	2397
2986	1373
2987	3421
2988	861
2989	2909
2990	1885
2991	3933
2992	221
2993	2269
2994	1245
2995	3293
2996	733
2997	2781
2998	1757
2999	3805
3000	477
3001	2525
3002	1501
3003	3549
3004	989
3005	3037
3006	2013
3007	4061
3008	61
3009	2109
3010	1085
3011	3133
3012	573
3013	2621
3014	1597
3015	3645
3016	317
3017	2365
3018	1341
3019	3389
3020	829
3021	2877
3022	1853
3023	3901
3024	189
3025	2237
3026	1213
3027	3261
3028	701
3029	2749
3030	1725
3031	3773
3032	445
3033	2493
3034	1469
3035	3517
3036	957
3037	3005
3038	1981
3039	4029
3040	125
3041	2173
3042	1149
3043	3197
3044	637
3045	2685
3046	1661
3047	3709
3048	381
3049	2429
3050	1405
3051	3453
3052	893
3053	2941
3054	1917
3055	3965
3056	253
3057	2301
3058	1277
3059	3325
3060	765
3061	2813
3062	1789
3063	3837
3064	509
3065	2557
3066	1533
3067	3581
3068	1021
3069	1026
3070	2045
3071	4093
3072	3
3073	2051
3074	1027
3075	1020
3076	515
3077	2563
3078	1539
3079	3587
3080	259
3081	2307
3082	1283
3083	3331
3084	771
3085	2819
3086	1795
3087	3843
3088	131
3089	2179
3090	1155
3091	3203
3092	643
3093	2691
3094	1667
3095	3715
3096	387
3097	2435
3098	1411
3099	3459
3100	899
3101	2947
3102	1923
3103	3971
3104	67
3105	2115
3106	1091
3107	3139
3108	579
3109	2627
3110	1603
3111	3651
3112	323
3113	2371
3114	1347
3115	3395
3116	835
3117	2883
3118	1859
3119	3907
3120	195
3121	2243
3122	1219
3123	3267
3124	707
3125	2755
3126	1731
3127	3779
3128	451
3129	2499
3130	1475
3131	3523
3132	963
3133	3011
3134	1987
3135	4035
3136	35
3137	2083
3138	1059
3139	3107
3140	547
3141	2595
3142	1571
3143	3619
3144	291
3145	2339
3146	1315
3147	3363
3148	803
3149	2851
3150	1827
3151	3875
3152	163
3153	2211
3154	1187
3155	3235
3156	675
3157	2723
3158	1699
3159	3747
3160	419
3161	2467
3162	1443
3163	3491
3164	931
3165	2979
3166	1955
3167	4003
3168	99
3169	2147
3170	1123
3171	924
3172	611
3173	2659
3174	1635
3175	3683
3176	355
3177	2403
3178	1379
3179	3427
3180	867
3181	2915
3182	1891
3183	3939
3184	227
3185	2275
3186	1251
3187	3299
3188	739
3189	2787
3190	1763
3191	3811
3192	483
3193	2531
3194	1507
3195	3555
3196	995
3197	3043
3198	2019
3199	4067
3200	19
3201	2067
3202	1043
3203	3091
3204	531
3205	2579
3206	1555
3207	3603
3208	275
3209	2323
3210	1299
3211	3347
3212	787
3213	2835
3214	1811
3215	3859
3216	147
3217	2195
3218	1171
3219	876
3220	659
3221	2707
3222	1683
3223	3731
3224	403
3225	2451
3226	1427
3227	3475
3228	915
3229	2963
3230	1939
3231	3987
3232	83
3233	2131
3234	1107
3235	3155
3236	595
3237	2643
3238	1619
3239	3667
3240	339
3241	2387
3242	1363
3243	3411
3244	851
3245	2899
3246	1875
3247	3923
3248	211
3249	2259
3250	1235
3251	3283
3252	723
3253	2771
3254	1747
3255	3795
3256	467
3257	2515
3258	1491
3259	3539
3260	979
3261	3027
3262	2003
3263	4051
3264	51
3265	2099
3266	1075
3267	3123
3268	563
3269	2611
3270	1587
3271	3635
3272	307
3273	2355
3274	1331
3275	3379
3276	819
3277	2867
3278	1843
3279	3891
3280	179
3281	2227
3282	1203
3283	3251
3284	691
3285	2739
3286	1715
3287	3763
3288	435
3289	2483
3290	1459
3291	3507
3292	947
3293	2995
3294	1971
3295	4019
3296	115
3297	2163
3298	1139
3299	3187
3300	627
3301	2675
3302	1651
3303	3699
3304	371
3305	2419
3306	1395
3307	3443
3308	883
3309	2931
3310	1907
3311	3955
3312	243
3313	2291
3314	1267
3315	780
3316	755
3317	2803
3318	1779
3319	3827
3320	499
3321	2547
3322	1523
3323	3571
3324	1011
3325	3059
3326	2035
3327	4083
3328	11
3329	2059
3330	1035
3331	3083
3332	523
3333	2571
3334	1547
3335	3595
3336	267
3337	2315
3338	1291
3339	756
3340	779
3341	2827
3342	1803
3343	3851
3344	139
3345	2187
3346	1163
3347	3211
3348	651
3349	2699
3350	1675
3351	3723
3352	395
3353	2443
3354	1419
3355	3467
3356	907
3357	2955
3358	1931
3359	3979
3360	75
3361	2123
3362	1099
3363	3147
3364	587
3365	2635
3366	1611
3367	3659
3368	331
3369	2379
3370	1355
3371	3403
3372	843
3373	2891
3374	1867
3375	3915
3376	203
3377	2251
3378	1227
3379	3275
3380	715
3381	2763
3382	1739
3383	3787
3384	459
3385	2507
3386	1483
3387	3531
3388	971
3389	3019
3390	1995
3391	4043
3392	43
3393	2091
3394	1067
3395	3115
3396	555
3397	2603
3398	1579
3399	3627
3400	299
3401	2347
3402	1323
3403	3371
3404	811
3405	2859
3406	1835
3407	3883
3408	171
3409	2219
3410	1195
3411	3243
3412	683
3413	2731
3414	1707
3415	3755
3416	427
3417	2475
3418	1451
3419	3499
3420	939
3421	2987
3422	1963
3423	4011
3424	107
3425	2155
3426	1131
3427	3179
3428	619
3429	2667
3430	1643
3431	3691
3432	363
3433	2411
3434	1387
3435	660
3436	875
3437	2923
3438	1899
3439	3947
3440	235
3441	2283
3442	1259
3443	3307
3444	747
3445	2795
3446	1771
3447	3819
3448	491
3449	2539
3450	1515
3451	3563
3452	1003
3453	3051
3454	2027
3455	4075
3456	27
3457	2075
3458	1051
3459	3099
3460	539
3461	2587
3462	1563
3463	3611
3464	283
3465	2331
3466	1307
3467	3355
3468	795
3469	2843
3470	1819
3471	3867
3472	155
3473	2203
3474	1179
3475	3227
3476	667
3477	2715
3478	1691
3479	3739
3480	411
3481	2459
3482	1435
3483	612
3484	923
3485	2971
3486	1947
3487	3995
3488	91
3489	2139
3490	1115
3491	3163
3492	603
3493	2651
3494	1627
3495	3675
3496	347
3497	2395
3498	1371
3499	3419
3500	859
3501	2907
3502	1883
3503	3931
3504	219
3505	2267
3506	1243
3507	3291
3508	731
3509	2779
3510	1755
3511	3803
3512	475
3513	2523
3514	1499
3515	3547
3516	987
3517	3035
3518	2011
3519	4059
3520	59
3521	2107
3522	1083
3523	3131
3524	571
3525	2619
3526	1595
3527	3643
3528	315
3529	2363
3530	1339
3531	3387
3532	827
3533	2875
3534	1851
3535	3899
3536	187
3537	2235
3538	1211
3539	3259
3540	699
3541	2747
3542	1723
3543	3771
3544	443
3545	2491
3546	1467
3547	3515
3548	955
3549	3003
3550	1979
3551	4027
3552	123
3553	2171
3554	1147
3555	3195
3556	635
3557	2683
3558	1659
3559	3707
3560	379
3561	2427
3562	1403
3563	3451
3564	891
3565	2939
3566	1915
3567	3963
3568	251
3569	2299
3570	1275
3571	3323
3572	763
3573	2811
3574	1787
3575	3835
3576	507
3577	2555
3578	1531
3579	516
3580	1019
3581	3067
3582	2043
3583	4091
3584	7
3585	2055
3586	1031
3587	3079
3588	519
3589	2567
3590	1543
3591	504
3592	263
3593	2311
3594	1287
3595	3335
3596	775
3597	2823
3598	1799
3599	3847
3600	135
3601	2183
3602	1159
3603	3207
3604	647
3605	2695
3606	1671
3607	3719
3608	391
3609	2439
3610	1415
3611	3463
3612	903
3613	2951
3614	1927
3615	3975
3616	71
3617	2119
3618	1095
3619	3143
3620	583
3621	2631
3622	1607
3623	3655
3624	327
3625	2375
3626	1351
3627	3399
3628	839
3629	2887
3630	1863
3631	3911
3632	199
3633	2247
3634	1223
3635	3271
3636	711
3637	2759
3638	1735
3639	3783
3640	455
3641	2503
3642	1479
3643	3527
3644	967
3645	3015
3646	1991
3647	4039
3648	39
3649	2087
3650	1063
3651	3111
3652	551
3653	2599
3654	1575
3655	3623
3656	295
3657	2343
3658	1319
3659	3367
3660	807
3661	2855
3662	1831
3663	3879
3664	167
3665	2215
3666	1191
3667	3239
3668	679
3669	2727
3670	1703
3671	3751
3672	423
3673	2471
3674	1447
3675	3495
3676	935
3677	2983
3678	1959
3679	4007
3680	103
3681	2151
3682	1127
3683	3175
3684	615
3685	2663
3686	1639
3687	408
3688	359
3689	2407
3690	1383
3691	3431
3692	871
3693	2919
3694	1895
3695	3943
3696	231
3697	2279
3698	1255
3699	3303
3700	743
3701	2791
3702	1767
3703	3815
3704	487
3705	2535
3706	1511
3707	3559
3708	999
3709	3047
3710	2023
3711	4071
3712	23
3713	2071
3714	1047
3715	3095
3716	535
3717	2583
3718	1559
3719	3607
3720	279
3721	2327
3722	1303
3723	3351
3724	791
3725	2839
3726	1815
3727	3863
3728	151
3729	2199
3730	1175
3731	3223
3732	663
3733	2711
3734	1687
3735	360
3736	407
3737	2455
3738	1431
3739	3479
3740	919
3741	2967
3742	1943
3743	3991
3744	87
3745	2135
3746	1111
3747	3159
3748	599
3749	2647
3750	1623
3751	3671
3752	343
3753	2391
3754	1367
3755	3415
3756	855
3757	2903
3758	1879
3759	3927
3760	215
3761	2263
3762	1239
3763	3287
3764	727
3765	2775
3766	1751
3767	3799
3768	471
3769	2519
3770	1495
3771	3543
3772	983
3773	3031
3774	2007
3775	4055
3776	55
3777	2103
3778	1079
3779	3127
3780	567
3781	2615
3782	1591
3783	3639
3784	311
3785	2359
3786	1335
3787	3383
3788	823
3789	2871
3790	1847
3791	3895
3792	183
3793	2231
3794	1207
3795	3255
3796	695
3797	2743
3798	1719
3799	3767
3800	439
3801	2487
3802	1463
3803	3511
3804	951
3805	2999
3806	1975
3807	4023
3808	119
3809	2167
3810	1143
3811	3191
3812	631
3813	2679
3814	1655
3815	3703
3816	375
3817	2423
3818	1399
3819	3447
3820	887
3821	2935
3822	1911
3823	3959
3824	247
3825	2295
3826	1271
3827	3319
3828	759
3829	2807
3830	1783
3831	264
3832	503
3833	2551
3834	1527
3835	3575
3836	1015
3837	3063
3838	2039
3839	4087
3840	15
3841	2063
3842	1039
3843	3087
3844	527
3845	2575
3846	1551
3847	3599
3848	271
3849	2319
3850	1295
3851	3343
3852	783
3853	2831
3854	1807
3855	240
3856	143
3857	2191
3858	1167
3859	3215
3860	655
3861	2703
3862	1679
3863	3727
3864	399
3865	2447
3866	1423
3867	3471
3868	911
3869	2959
3870	1935
3871	3983
3872	79
3873	2127
3874	1103
3875	3151
3876	591
3877	2639
3878	1615
3879	3663
3880	335
3881	2383
3882	1359
3883	3407
3884	847
3885	2895
3886	1871
3887	3919
3888	207
3889	2255
3890	1231
3891	3279
3892	719
3893	2767
3894	1743
3895	3791
3896	463
3897	2511
3898	1487
3899	3535
3900	975
3901	3023
3902	1999
3903	4047
3904	47
3905	2095
3906	1071
3907	3119
3908	559
3909	2607
3910	1583
3911	3631
3912	303
3913	2351
3914	1327
3915	3375
3916	815
3917	2863
3918	1839
3919	3887
3920	175
3921	2223
3922	1199
3923	3247
3924	687
3925	2735
3926	1711
3927	3759
3928	431
3929	2479
3930	1455
3931	3503
3932	943
3933	2991
3934	1967
3935	4015
3936	111
3937	2159
3938	1135
3939	3183
3940	623
3941	2671
3942	1647
3943	3695
3944	367
3945	2415
3946	1391
3947	3439
3948	879
3949	2927
3950	1903
3951	144
3952	239
3953	2287
3954	1263
3955	3311
3956	751
3957	2799
3958	1775
3959	3823
3960	495
3961	2543
3962	1519
3963	3567
3964	1007
3965	3055
3966	2031
3967	4079
3968	31
3969	2079
3970	1055
3971	3103
3972	543
3973	2591
3974	1567
3975	3615
3976	287
3977	2335
3978	1311
3979	3359
3980	799
3981	2847
3982	1823
3983	3871
3984	159
3985	2207
3986	1183
3987	3231
3988	671
3989	2719
3990	1695
3991	3743
3992	415
3993	2463
3994	1439
3995	3487
3996	927
3997	2975
3998	1951
3999	96
4000	95
4001	2143
4002	1119
4003	3167
4004	607
4005	2655
4006	1631
4007	3679
4008	351
4009	2399
4010	1375
4011	3423
4012	863
4013	2911
4014	1887
4015	3935
4016	223
4017	2271
4018	1247
4019	3295
4020	735
4021	2783
4022	1759
4023	3807
4024	479
4025	2527
4026	1503
4027	3551
4028	991
4029	3039
4030	2015
4031	4063
4032	63
4033	2111
4034	1087
4035	3135
4036	575
4037	2623
4038	1599
4039	3647
4040	319
4041	2367
4042	1343
4043	3391
4044	831
4045	2879
4046	1855
4047	3903
4048	191
4049	2239
4050	1215
4051	3263
4052	703
4053	2751
4054	1727
4055	3775
4056	447
4057	2495
4058	1471
4059	3519
4060	959
4061	3007
4062	1983
4063	4031
4064	127
4065	2175
4066	1151
4067	3199
4068	639
4069	2687
4070	1663
4071	3711
4072	383
4073	2431
4074	1407
4075	3455
4076	895
4077	2943
4078	1919
4079	3967
4080	255
4081	2303
4082	1279
4083	3327
4084	767
4085	2815
4086	1791
4087	3839
4088	511
4089	2559
4090	1535
4091	3583
4092	1023
4093	3071
4094	2047
4095	0
