0	4095
1	2
2	4
3	6
4	8
5	10
6	12
7	14
8	16
9	18
10	20
11	22
12	24
13	26
14	28
15	30
16	32
17	34
18	36
19	38
20	40
21	42
22	44
23	46
24	48
25	50
26	52
27	54
28	56
29	58
30	60
31	62
32	64
33	66
34	68
35	70
36	72
37	74
38	76
39	78
40	80
41	82
42	84
43	86
44	88
45	90
46	92
47	94
48	96
49	98
50	100
51	102
52	104
53	106
54	108
55	110
56	112
57	114
58	116
59	118
60	120
61	122
62	124
63	126
64	128
65	130
66	132
67	134
68	136
69	138
70	140
71	142
72	144
73	146
74	148
75	150
76	152
77	154
78	156
79	158
80	160
81	162
82	164
83	166
84	168
85	170
86	172
87	174
88	176
89	178
90	180
91	182
92	184
93	186
94	188
95	190
96	192
97	194
98	196
99	198
100	200
101	202
102	204
103	206
104	208
105	210
106	212
107	214
108	216
109	218
110	220
111	222
112	224
113	226
114	228
115	230
116	232
117	234
118	236
119	238
120	240
121	242
122	244
123	246
124	248
125	250
126	252
127	254
128	256
129	258
130	260
131	262
132	264
133	266
134	268
135	270
136	272
137	274
138	276
139	278
140	280
141	282
142	284
143	286
144	288
145	290
146	292
147	294
148	296
149	298
150	300
151	302
152	304
153	306
154	308
155	310
156	312
157	314
158	316
159	318
160	320
161	322
162	324
163	326
164	328
165	330
166	332
167	334
168	336
169	338
170	340
171	342
172	344
173	346
174	348
175	350
176	352
177	354
178	356
179	358
180	360
181	362
182	364
183	366
184	368
185	370
186	372
187	374
188	376
189	378
190	380
191	382
192	384
193	386
194	388
195	390
196	392
197	394
198	396
199	398
200	400
201	402
202	404
203	406
204	408
205	410
206	412
207	414
208	416
209	418
210	420
211	422
212	424
213	426
214	428
215	430
216	432
217	434
218	436
219	438
220	440
221	442
222	444
223	446
224	448
225	450
226	452
227	454
228	456
229	458
230	460
231	462
232	464
233	466
234	468
235	470
236	472
237	474
238	476
239	478
240	480
241	482
242	484
243	486
244	488
245	490
246	492
247	494
248	496
249	498
250	500
251	502
252	504
253	506
254	508
255	510
256	512
257	514
258	516
259	518
260	520
261	522
262	524
263	526
264	528
265	530
266	532
267	534
268	536
269	538
270	540
271	542
272	544
273	546
274	548
275	550
276	552
277	554
278	556
279	558
280	560
281	562
282	564
283	566
284	568
285	570
286	572
287	574
288	576
289	578
290	580
291	582
292	584
293	586
294	588
295	590
296	592
297	594
298	596
299	598
300	600
301	602
302	604
303	606
304	608
305	610
306	612
307	614
308	616
309	618
310	620
311	622
312	624
313	626
314	628
315	630
316	632
317	634
318	636
319	638
320	640
321	642
322	644
323	646
324	648
325	650
326	652
327	654
328	656
329	658
330	660
331	662
332	664
333	666
334	668
335	670
336	672
337	674
338	676
339	678
340	680
341	682
342	684
343	686
344	688
345	690
346	692
347	694
348	696
349	698
350	700
351	702
352	704
353	706
354	708
355	710
356	712
357	714
358	716
359	718
360	720
361	722
362	724
363	726
364	728
365	730
366	732
367	734
368	736
369	738
370	740
371	742
372	744
373	746
374	748
375	750
376	752
377	754
378	756
379	758
380	760
381	762
382	764
383	766
384	768
385	770
386	772
387	774
388	776
389	778
390	780
391	782
392	784
393	786
394	788
395	790
396	792
397	794
398	796
399	798
400	800
401	802
402	804
403	806
404	808
405	810
406	812
407	814
408	816
409	818
410	820
411	822
412	824
413	826
414	828
415	830
416	832
417	834
418	836
419	838
420	840
421	842
422	844
423	846
424	848
425	850
426	852
427	854
428	856
429	858
430	860
431	862
432	864
433	866
434	868
435	870
436	872
437	874
438	876
439	878
440	880
441	882
442	884
443	886
444	888
445	890
446	892
447	894
448	896
449	898
450	900
451	902
452	904
453	906
454	908
455	910
456	912
457	914
458	916
459	918
460	920
461	922
462	924
463	926
464	928
465	930
466	932
467	934
468	936
469	938
470	940
471	942
472	944
473	946
474	948
475	950
476	952
477	954
478	956
479	958
480	960
481	962
482	964
483	966
484	968
485	970
486	972
487	974
488	976
489	978
490	980
491	982
492	984
493	986
494	988
495	990
496	992
497	994
498	996
499	998
500	1000
501	1002
502	1004
503	1006
504	1008
505	1010
506	1012
507	1014
508	1016
509	1018
510	1020
511	1022
512	1024
513	1026
514	1028
515	1030
516	1032
517	1034
518	1036
519	1038
520	1040
521	1042
522	1044
523	1046
524	1048
525	1050
526	1052
527	1054
528	1056
529	1058
530	1060
531	1062
532	1064
533	1066
534	1068
535	1070
536	1072
537	1074
538	1076
539	1078
540	1080
541	1082
542	1084
543	1086
544	1088
545	1090
546	1092
547	1094
548	1096
549	1098
550	1100
551	1102
552	1104
553	1106
554	1108
555	1110
556	1112
557	1114
558	1116
559	1118
560	1120
561	1122
562	1124
563	1126
564	1128
565	1130
566	1132
567	1134
568	1136
569	1138
570	1140
571	1142
572	1144
573	1146
574	1148
575	1150
576	1152
577	1154
578	1156
579	1158
580	1160
581	1162
582	1164
583	1166
584	1168
585	1170
586	1172
587	1174
588	1176
589	1178
590	1180
591	1182
592	1184
593	1186
594	1188
595	1190
596	1192
597	1194
598	1196
599	1198
600	1200
601	1202
602	1204
603	1206
604	1208
605	1210
606	1212
607	1214
608	1216
609	1218
610	1220
611	1222
612	1224
613	1226
614	1228
615	1230
616	1232
617	1234
618	1236
619	1238
620	1240
621	1242
622	1244
623	1246
624	1248
625	1250
626	1252
627	1254
628	1256
629	1258
630	1260
631	1262
632	1264
633	1266
634	1268
635	1270
636	1272
637	1274
638	1276
639	1278
640	1280
641	1282
642	1284
643	1286
644	1288
645	1290
646	1292
647	1294
648	1296
649	1298
650	1300
651	1302
652	1304
653	1306
654	1308
655	1310
656	1312
657	1314
658	1316
659	1318
660	1320
661	1322
662	1324
663	1326
664	1328
665	1330
666	1332
667	1334
668	1336
669	1338
670	1340
671	1342
672	1344
673	1346
674	1348
675	1350
676	1352
677	1354
678	1356
679	1358
680	1360
681	1362
682	1364
683	1366
684	1368
685	1370
686	1372
687	1374
688	1376
689	1378
690	1380
691	1382
692	1384
693	1386
694	1388
695	1390
696	1392
697	1394
698	1396
699	1398
700	1400
701	1402
702	1404
703	1406
704	1408
705	1410
706	1412
707	1414
708	1416
709	1418
710	1420
711	1422
712	1424
713	1426
714	1428
715	1430
716	1432
717	1434
718	1436
719	1438
720	1440
721	1442
722	1444
723	1446
724	1448
725	1450
726	1452
727	1454
728	1456
729	1458
730	1460
731	1462
732	1464
733	1466
734	1468
735	1470
736	1472
737	1474
738	1476
739	1478
740	1480
741	1482
742	1484
743	1486
744	1488
745	1490
746	1492
747	1494
748	1496
749	1498
750	1500
751	1502
752	1504
753	1506
754	1508
755	1510
756	1512
757	1514
758	1516
759	1518
760	1520
761	1522
762	1524
763	1526
764	1528
765	1530
766	1532
767	1534
768	1536
769	1538
770	1540
771	1542
772	1544
773	1546
774	1548
775	1550
776	1552
777	1554
778	1556
779	1558
780	1560
781	1562
782	1564
783	1566
784	1568
785	1570
786	1572
787	1574
788	1576
789	1578
790	1580
791	1582
792	1584
793	1586
794	1588
795	1590
796	1592
797	1594
798	1596
799	1598
800	1600
801	1602
802	1604
803	1606
804	1608
805	1610
806	1612
807	1614
808	1616
809	1618
810	1620
811	1622
812	1624
813	1626
814	1628
815	1630
816	1632
817	1634
818	1636
819	1638
820	1640
821	1642
822	1644
823	1646
824	1648
825	1650
826	1652
827	1654
828	1656
829	1658
830	1660
831	1662
832	1664
833	1666
834	1668
835	1670
836	1672
837	1674
838	1676
839	1678
840	1680
841	1682
842	1684
843	1686
844	1688
845	1690
846	1692
847	1694
848	1696
849	1698
850	1700
851	1702
852	1704
853	1706
854	1708
855	1710
856	1712
857	1714
858	1716
859	1718
860	1720
861	1722
862	1724
863	1726
864	1728
865	1730
866	1732
867	1734
868	1736
869	1738
870	1740
871	1742
872	1744
873	1746
874	1748
875	1750
876	1752
877	1754
878	1756
879	1758
880	1760
881	1762
882	1764
883	1766
884	1768
885	1770
886	1772
887	1774
888	1776
889	1778
890	1780
891	1782
892	1784
893	1786
894	1788
895	1790
896	1792
897	1794
898	1796
899	1798
900	1800
901	1802
902	1804
903	1806
904	1808
905	1810
906	1812
907	1814
908	1816
909	1818
910	1820
911	1822
912	1824
913	1826
914	1828
915	1830
916	1832
917	1834
918	1836
919	1838
920	1840
921	1842
922	1844
923	1846
924	1848
925	1850
926	1852
927	1854
928	1856
929	1858
930	1860
931	1862
932	1864
933	1866
934	1868
935	1870
936	1872
937	1874
938	1876
939	1878
940	1880
941	1882
942	1884
943	1886
944	1888
945	1890
946	1892
947	1894
948	1896
949	1898
950	1900
951	1902
952	1904
953	1906
954	1908
955	1910
956	1912
957	1914
958	1916
959	1918
960	1920
961	1922
962	1924
963	1926
964	1928
965	1930
966	1932
967	1934
968	1936
969	1938
970	1940
971	1942
972	1944
973	1946
974	1948
975	1950
976	1952
977	1954
978	1956
979	1958
980	1960
981	1962
982	1964
983	1966
984	1968
985	1970
986	1972
987	1974
988	1976
989	1978
990	1980
991	1982
992	1984
993	1986
994	1988
995	1990
996	1992
997	1994
998	1996
999	1998
1000	2000
1001	2002
1002	2004
1003	2006
1004	2008
1005	2010
1006	2012
1007	2014
1008	2016
1009	2018
1010	2020
1011	2022
1012	2024
1013	2026
1014	2028
1015	2030
1016	2032
1017	2034
1018	2036
1019	2038
1020	2040
1021	2042
1022	2044
1023	2046
1024	2048
1025	2050
1026	2052
1027	2054
1028	2056
1029	2058
1030	2060
1031	2062
1032	2064
1033	2066
1034	2068
1035	2070
1036	2072
1037	2074
1038	2076
1039	2078
1040	2080
1041	2082
1042	2084
1043	2086
1044	2088
1045	2090
1046	2092
1047	2094
1048	2096
1049	2098
1050	2100
1051	2102
1052	2104
1053	2106
1054	2108
1055	2110
1056	2112
1057	2114
1058	2116
1059	2118
1060	2120
1061	2122
1062	2124
1063	2126
1064	2128
1065	2130
1066	2132
1067	2134
1068	2136
1069	2138
1070	2140
1071	2142
1072	2144
1073	2146
1074	2148
1075	2150
1076	2152
1077	2154
1078	2156
1079	2158
1080	2160
1081	2162
1082	2164
1083	2166
1084	2168
1085	2170
1086	2172
1087	2174
1088	2176
1089	2178
1090	2180
1091	2182
1092	2184
1093	2186
1094	2188
1095	2190
1096	2192
1097	2194
1098	2196
1099	2198
1100	2200
1101	2202
1102	2204
1103	2206
1104	2208
1105	2210
1106	2212
1107	2214
1108	2216
1109	2218
1110	2220
1111	2222
1112	2224
1113	2226
1114	2228
1115	2230
1116	2232
1117	2234
1118	2236
1119	2238
1120	2240
1121	2242
1122	2244
1123	2246
1124	2248
1125	2250
1126	2252
1127	2254
1128	2256
1129	2258
1130	2260
1131	2262
1132	2264
1133	2266
1134	2268
1135	2270
1136	2272
1137	2274
1138	2276
1139	2278
1140	2280
1141	2282
1142	2284
1143	2286
1144	2288
1145	2290
1146	2292
1147	2294
1148	2296
1149	2298
1150	2300
1151	2302
1152	2304
1153	2306
1154	2308
1155	2310
1156	2312
1157	2314
1158	2316
1159	2318
1160	2320
1161	2322
1162	2324
1163	2326
1164	2328
1165	2330
1166	2332
1167	2334
1168	2336
1169	2338
1170	2340
1171	2342
1172	2344
1173	2346
1174	2348
1175	2350
1176	2352
1177	2354
1178	2356
1179	2358
1180	2360
1181	2362
1182	2364
1183	2366
1184	2368
1185	2370
1186	2372
1187	2374
1188	2376
1189	2378
1190	2380
1191	2382
1192	2384
1193	2386
1194	2388
1195	2390
1196	2392
1197	2394
1198	2396
1199	2398
1200	2400
1201	2402
1202	2404
1203	2406
1204	2408
1205	2410
1206	2412
1207	2414
1208	2416
1209	2418
1210	2420
1211	2422
1212	2424
1213	2426
1214	2428
1215	2430
1216	2432
1217	2434
1218	2436
1219	2438
1220	2440
1221	2442
1222	2444
1223	2446
1224	2448
1225	2450
1226	2452
1227	2454
1228	2456
1229	2458
1230	2460
1231	2462
1232	2464
1233	2466
1234	2468
1235	2470
1236	2472
1237	2474
1238	2476
1239	2478
1240	2480
1241	2482
1242	2484
1243	2486
1244	2488
1245	2490
1246	2492
1247	2494
1248	2496
1249	2498
1250	2500
1251	2502
1252	2504
1253	2506
1254	2508
1255	2510
1256	2512
1257	2514
1258	2516
1259	2518
1260	2520
1261	2522
1262	2524
1263	2526
1264	2528
1265	2530
1266	2532
1267	2534
1268	2536
1269	2538
1270	2540
1271	2542
1272	2544
1273	2546
1274	2548
1275	2550
1276	2552
1277	2554
1278	2556
1279	2558
1280	2560
1281	2562
1282	2564
1283	2566
1284	2568
1285	2570
1286	2572
1287	2574
1288	2576
1289	2578
1290	2580
1291	2582
1292	2584
1293	2586
1294	2588
1295	2590
1296	2592
1297	2594
1298	2596
1299	2598
1300	2600
1301	2602
1302	2604
1303	2606
1304	2608
1305	2610
1306	2612
1307	2614
1308	2616
1309	2618
1310	2620
1311	2622
1312	2624
1313	2626
1314	2628
1315	2630
1316	2632
1317	2634
1318	2636
1319	2638
1320	2640
1321	2642
1322	2644
1323	2646
1324	2648
1325	2650
1326	2652
1327	2654
1328	2656
1329	2658
1330	2660
1331	2662
1332	2664
1333	2666
1334	2668
1335	2670
1336	2672
1337	2674
1338	2676
1339	2678
1340	2680
1341	2682
1342	2684
1343	2686
1344	2688
1345	2690
1346	2692
1347	2694
1348	2696
1349	2698
1350	2700
1351	2702
1352	2704
1353	2706
1354	2708
1355	2710
1356	2712
1357	2714
1358	2716
1359	2718
1360	2720
1361	2722
1362	2724
1363	2726
1364	2728
1365	2730
1366	2732
1367	2734
1368	2736
1369	2738
1370	2740
1371	2742
1372	2744
1373	2746
1374	2748
1375	2750
1376	2752
1377	2754
1378	2756
1379	2758
1380	2760
1381	2762
1382	2764
1383	2766
1384	2768
1385	2770
1386	2772
1387	2774
1388	2776
1389	2778
1390	2780
1391	2782
1392	2784
1393	2786
1394	2788
1395	2790
1396	2792
1397	2794
1398	2796
1399	2798
1400	2800
1401	2802
1402	2804
1403	2806
1404	2808
1405	2810
1406	2812
1407	2814
1408	2816
1409	2818
1410	2820
1411	2822
1412	2824
1413	2826
1414	2828
1415	2830
1416	2832
1417	2834
1418	2836
1419	2838
1420	2840
1421	2842
1422	2844
1423	2846
1424	2848
1425	2850
1426	2852
1427	2854
1428	2856
1429	2858
1430	2860
1431	2862
1432	2864
1433	2866
1434	2868
1435	2870
1436	2872
1437	2874
1438	2876
1439	2878
1440	2880
1441	2882
1442	2884
1443	2886
1444	2888
1445	2890
1446	2892
1447	2894
1448	2896
1449	2898
1450	2900
1451	2902
1452	2904
1453	2906
1454	2908
1455	2910
1456	2912
1457	2914
1458	2916
1459	2918
1460	2920
1461	2922
1462	2924
1463	2926
1464	2928
1465	2930
1466	2932
1467	2934
1468	2936
1469	2938
1470	2940
1471	2942
1472	2944
1473	2946
1474	2948
1475	2950
1476	2952
1477	2954
1478	2956
1479	2958
1480	2960
1481	2962
1482	2964
1483	2966
1484	2968
1485	2970
1486	2972
1487	2974
1488	2976
1489	2978
1490	2980
1491	2982
1492	2984
1493	2986
1494	2988
1495	2990
1496	2992
1497	2994
1498	2996
1499	2998
1500	3000
1501	3002
1502	3004
1503	3006
1504	3008
1505	3010
1506	3012
1507	3014
1508	3016
1509	3018
1510	3020
1511	3022
1512	3024
1513	3026
1514	3028
1515	3030
1516	3032
1517	3034
1518	3036
1519	3038
1520	3040
1521	3042
1522	3044
1523	3046
1524	3048
1525	3050
1526	3052
1527	3054
1528	3056
1529	3058
1530	3060
1531	3062
1532	3064
1533	3066
1534	3068
1535	3070
1536	3072
1537	3074
1538	3076
1539	3078
1540	3080
1541	3082
1542	3084
1543	3086
1544	3088
1545	3090
1546	3092
1547	3094
1548	3096
1549	3098
1550	3100
1551	3102
1552	3104
1553	3106
1554	3108
1555	3110
1556	3112
1557	3114
1558	3116
1559	3118
1560	3120
1561	3122
1562	3124
1563	3126
1564	3128
1565	3130
1566	3132
1567	3134
1568	3136
1569	3138
1570	3140
1571	3142
1572	3144
1573	3146
1574	3148
1575	3150
1576	3152
1577	3154
1578	3156
1579	3158
1580	3160
1581	3162
1582	3164
1583	3166
1584	3168
1585	3170
1586	3172
1587	3174
1588	3176
1589	3178
1590	3180
1591	3182
1592	3184
1593	3186
1594	3188
1595	3190
1596	3192
1597	3194
1598	3196
1599	3198
1600	3200
1601	3202
1602	3204
1603	3206
1604	3208
1605	3210
1606	3212
1607	3214
1608	3216
1609	3218
1610	3220
1611	3222
1612	3224
1613	3226
1614	3228
1615	3230
1616	3232
1617	3234
1618	3236
1619	3238
1620	3240
1621	3242
1622	3244
1623	3246
1624	3248
1625	3250
1626	3252
1627	3254
1628	3256
1629	3258
1630	3260
1631	3262
1632	3264
1633	3266
1634	3268
1635	3270
1636	3272
1637	3274
1638	3276
1639	3278
1640	3280
1641	3282
1642	3284
1643	3286
1644	3288
1645	3290
1646	3292
1647	3294
1648	3296
1649	3298
1650	3300
1651	3302
1652	3304
1653	3306
1654	3308
1655	3310
1656	3312
1657	3314
1658	3316
1659	3318
1660	3320
1661	3322
1662	3324
1663	3326
1664	3328
1665	3330
1666	3332
1667	3334
1668	3336
1669	3338
1670	3340
1671	3342
1672	3344
1673	3346
1674	3348
1675	3350
1676	3352
1677	3354
1678	3356
1679	3358
1680	3360
1681	3362
1682	3364
1683	3366
1684	3368
1685	3370
1686	3372
1687	3374
1688	3376
1689	3378
1690	3380
1691	3382
1692	3384
1693	3386
1694	3388
1695	3390
1696	3392
1697	3394
1698	3396
1699	3398
1700	3400
1701	3402
1702	3404
1703	3406
1704	3408
1705	3410
1706	3412
1707	3414
1708	3416
1709	3418
1710	3420
1711	3422
1712	3424
1713	3426
1714	3428
1715	3430
1716	3432
1717	3434
1718	3436
1719	3438
1720	3440
1721	3442
1722	3444
1723	3446
1724	3448
1725	3450
1726	3452
1727	3454
1728	3456
1729	3458
1730	3460
1731	3462
1732	3464
1733	3466
1734	3468
1735	3470
1736	3472
1737	3474
1738	3476
1739	3478
1740	3480
1741	3482
1742	3484
1743	3486
1744	3488
1745	3490
1746	3492
1747	3494
1748	3496
1749	3498
1750	3500
1751	3502
1752	3504
1753	3506
1754	3508
1755	3510
1756	3512
1757	3514
1758	3516
1759	3518
1760	3520
1761	3522
1762	3524
1763	3526
1764	3528
1765	3530
1766	3532
1767	3534
1768	3536
1769	3538
1770	3540
1771	3542
1772	3544
1773	3546
1774	3548
1775	3550
1776	3552
1777	3554
1778	3556
1779	3558
1780	3560
1781	3562
1782	3564
1783	3566
1784	3568
1785	3570
1786	3572
1787	3574
1788	3576
1789	3578
1790	3580
1791	3582
1792	3584
1793	3586
1794	3588
1795	3590
1796	3592
1797	3594
1798	3596
1799	3598
1800	3600
1801	3602
1802	3604
1803	3606
1804	3608
1805	3610
1806	3612
1807	3614
1808	3616
1809	3618
1810	3620
1811	3622
1812	3624
1813	3626
1814	3628
1815	3630
1816	3632
1817	3634
1818	3636
1819	3638
1820	3640
1821	3642
1822	3644
1823	3646
1824	3648
1825	3650
1826	3652
1827	3654
1828	3656
1829	3658
1830	3660
1831	3662
1832	3664
1833	3666
1834	3668
1835	3670
1836	3672
1837	3674
1838	3676
1839	3678
1840	3680
1841	3682
1842	3684
1843	3686
1844	3688
1845	3690
1846	3692
1847	3694
1848	3696
1849	3698
1850	3700
1851	3702
1852	3704
1853	3706
1854	3708
1855	3710
1856	3712
1857	3714
1858	3716
1859	3718
1860	3720
1861	3722
1862	3724
1863	3726
1864	3728
1865	3730
1866	3732
1867	3734
1868	3736
1869	3738
1870	3740
1871	3742
1872	3744
1873	3746
1874	3748
1875	3750
1876	3752
1877	3754
1878	3756
1879	3758
1880	3760
1881	3762
1882	3764
1883	3766
1884	3768
1885	3770
1886	3772
1887	3774
1888	3776
1889	3778
1890	3780
1891	3782
1892	3784
1893	3786
1894	3788
1895	3790
1896	3792
1897	3794
1898	3796
1899	3798
1900	3800
1901	3802
1902	3804
1903	3806
1904	3808
1905	3810
1906	3812
1907	3814
1908	3816
1909	3818
1910	3820
1911	3822
1912	3824
1913	3826
1914	3828
1915	3830
1916	3832
1917	3834
1918	3836
1919	3838
1920	3840
1921	3842
1922	3844
1923	3846
1924	3848
1925	3850
1926	3852
1927	3854
1928	3856
1929	3858
1930	3860
1931	3862
1932	3864
1933	3866
1934	3868
1935	3870
1936	3872
1937	3874
1938	3876
1939	3878
1940	3880
1941	3882
1942	3884
1943	3886
1944	3888
1945	3890
1946	3892
1947	3894
1948	3896
1949	3898
1950	3900
1951	3902
1952	3904
1953	3906
1954	3908
1955	3910
1956	3912
1957	3914
1958	3916
1959	3918
1960	3920
1961	3922
1962	3924
1963	3926
1964	3928
1965	3930
1966	3932
1967	3934
1968	3936
1969	3938
1970	3940
1971	3942
1972	3944
1973	3946
1974	3948
1975	3950
1976	3952
1977	3954
1978	3956
1979	3958
1980	3960
1981	3962
1982	3964
1983	3966
1984	3968
1985	3970
1986	3972
1987	3974
1988	3976
1989	3978
1990	3980
1991	3982
1992	3984
1993	3986
1994	3988
1995	3990
1996	3992
1997	3994
1998	3996
1999	3998
2000	4000
2001	4002
2002	4004
2003	4006
2004	4008
2005	4010
2006	4012
2007	4014
2008	4016
2009	4018
2010	4020
2011	4022
2012	4024
2013	4026
2014	4028
2015	4030
2016	4032
2017	4034
2018	4036
2019	4038
2020	4040
2021	4042
2022	4044
2023	4046
2024	4048
2025	4050
2026	4052
2027	4054
2028	4056
2029	4058
2030	4060
2031	4062
2032	4064
2033	4066
2034	4068
2035	4070
2036	4072
2037	4074
2038	4076
2039	4078
2040	4080
2041	4082
2042	4084
2043	4086
2044	4088
2045	4090
2046	4092
2047	4094
2048	1
2049	3
2050	5
2051	7
2052	9
2053	11
2054	13
2055	15
2056	17
2057	19
2058	21
2059	23
2060	25
2061	27
2062	29
2063	31
2064	33
2065	35
2066	37
2067	39
2068	41
2069	43
2070	45
2071	47
2072	49
2073	51
2074	53
2075	55
2076	57
2077	59
2078	61
2079	63
2080	65
2081	67
2082	69
2083	71
2084	73
2085	75
2086	77
2087	79
2088	81
2089	83
2090	85
2091	87
2092	89
2093	91
2094	93
2095	95
2096	97
2097	99
2098	101
2099	103
2100	105
2101	107
2102	109
2103	111
2104	113
2105	115
2106	117
2107	119
2108	121
2109	123
2110	125
2111	127
2112	129
2113	131
2114	133
2115	135
2116	137
2117	139
2118	141
2119	143
2120	145
2121	147
2122	149
2123	151
2124	153
2125	155
2126	157
2127	159
2128	161
2129	163
2130	165
2131	167
2132	169
2133	171
2134	173
2135	175
2136	177
2137	179
2138	181
2139	183
2140	185
2141	187
2142	189
2143	191
2144	193
2145	195
2146	197
2147	199
2148	201
2149	203
2150	205
2151	207
2152	209
2153	211
2154	213
2155	215
2156	217
2157	219
2158	221
2159	223
2160	225
2161	227
2162	229
2163	231
2164	233
2165	235
2166	237
2167	239
2168	241
2169	243
2170	245
2171	247
2172	249
2173	251
2174	253
2175	255
2176	257
2177	259
2178	261
2179	263
2180	265
2181	267
2182	269
2183	271
2184	273
2185	275
2186	277
2187	279
2188	281
2189	283
2190	285
2191	287
2192	289
2193	291
2194	293
2195	295
2196	297
2197	299
2198	301
2199	303
2200	305
2201	307
2202	309
2203	311
2204	313
2205	315
2206	317
2207	319
2208	321
2209	323
2210	325
2211	327
2212	329
2213	331
2214	333
2215	335
2216	337
2217	339
2218	341
2219	343
2220	345
2221	347
2222	349
2223	351
2224	353
2225	355
2226	357
2227	359
2228	361
2229	363
2230	365
2231	367
2232	369
2233	371
2234	373
2235	375
2236	377
2237	379
2238	381
2239	383
2240	385
2241	387
2242	389
2243	391
2244	393
2245	395
2246	397
2247	399
2248	401
2249	403
2250	405
2251	407
2252	409
2253	411
2254	413
2255	415
2256	417
2257	419
2258	421
2259	423
2260	425
2261	427
2262	429
2263	431
2264	433
2265	435
2266	437
2267	439
2268	441
2269	443
2270	445
2271	447
2272	449
2273	451
2274	453
2275	455
2276	457
2277	459
2278	461
2279	463
2280	465
2281	467
2282	469
2283	471
2284	473
2285	475
2286	477
2287	479
2288	481
2289	483
2290	485
2291	487
2292	489
2293	491
2294	493
2295	495
2296	497
2297	499
2298	501
2299	503
2300	505
2301	507
2302	509
2303	511
2304	513
2305	515
2306	517
2307	519
2308	521
2309	523
2310	525
2311	527
2312	529
2313	531
2314	533
2315	535
2316	537
2317	539
2318	541
2319	543
2320	545
2321	547
2322	549
2323	551
2324	553
2325	555
2326	557
2327	559
2328	561
2329	563
2330	565
2331	567
2332	569
2333	571
2334	573
2335	575
2336	577
2337	579
2338	581
2339	583
2340	585
2341	587
2342	589
2343	591
2344	593
2345	595
2346	597
2347	599
2348	601
2349	603
2350	605
2351	607
2352	609
2353	611
2354	613
2355	615
2356	617
2357	619
2358	621
2359	623
2360	625
2361	627
2362	629
2363	631
2364	633
2365	635
2366	637
2367	639
2368	641
2369	643
2370	645
2371	647
2372	649
2373	651
2374	653
2375	655
2376	657
2377	659
2378	661
2379	663
2380	665
2381	667
2382	669
2383	671
2384	673
2385	675
2386	677
2387	679
2388	681
2389	683
2390	685
2391	687
2392	689
2393	691
2394	693
2395	695
2396	697
2397	699
2398	701
2399	703
2400	705
2401	707
2402	709
2403	711
2404	713
2405	715
2406	717
2407	719
2408	721
2409	723
2410	725
2411	727
2412	729
2413	731
2414	733
2415	735
2416	737
2417	739
2418	741
2419	743
2420	745
2421	747
2422	749
2423	751
2424	753
2425	755
2426	757
2427	759
2428	761
2429	763
2430	765
2431	767
2432	769
2433	771
2434	773
2435	775
2436	777
2437	779
2438	781
2439	783
2440	785
2441	787
2442	789
2443	791
2444	793
2445	795
2446	797
2447	799
2448	801
2449	803
2450	805
2451	807
2452	809
2453	811
2454	813
2455	815
2456	817
2457	819
2458	821
2459	823
2460	825
2461	827
2462	829
2463	831
2464	833
2465	835
2466	837
2467	839
2468	841
2469	843
2470	845
2471	847
2472	849
2473	851
2474	853
2475	855
2476	857
2477	859
2478	861
2479	863
2480	865
2481	867
2482	869
2483	871
2484	873
2485	875
2486	877
2487	879
2488	881
2489	883
2490	885
2491	887
2492	889
2493	891
2494	893
2495	895
2496	897
2497	899
2498	901
2499	903
2500	905
2501	907
2502	909
2503	911
2504	913
2505	915
2506	917
2507	919
2508	921
2509	923
2510	925
2511	927
2512	929
2513	931
2514	933
2515	935
2516	937
2517	939
2518	941
2519	943
2520	945
2521	947
2522	949
2523	951
2524	953
2525	955
2526	957
2527	959
2528	961
2529	963
2530	965
2531	967
2532	969
2533	971
2534	973
2535	975
2536	977
2537	979
2538	981
2539	983
2540	985
2541	987
2542	989
2543	991
2544	993
2545	995
2546	997
2547	999
2548	1001
2549	1003
2550	1005
2551	1007
2552	1009
2553	1011
2554	1013
2555	1015
2556	1017
2557	1019
2558	1021
2559	1023
2560	1025
2561	1027
2562	1029
2563	1031
2564	1033
2565	1035
2566	1037
2567	1039
2568	1041
2569	1043
2570	1045
2571	1047
2572	1049
2573	1051
2574	1053
2575	1055
2576	1057
2577	1059
2578	1061
2579	1063
2580	1065
2581	1067
2582	1069
2583	1071
2584	1073
2585	1075
2586	1077
2587	1079
2588	1081
2589	1083
2590	1085
2591	1087
2592	1089
2593	1091
2594	1093
2595	1095
2596	1097
2597	1099
2598	1101
2599	1103
2600	1105
2601	1107
2602	1109
2603	1111
2604	1113
2605	1115
2606	1117
2607	1119
2608	1121
2609	1123
2610	1125
2611	1127
2612	1129
2613	1131
2614	1133
2615	1135
2616	1137
2617	1139
2618	1141
2619	1143
2620	1145
2621	1147
2622	1149
2623	1151
2624	1153
2625	1155
2626	1157
2627	1159
2628	1161
2629	1163
2630	1165
2631	1167
2632	1169
2633	1171
2634	1173
2635	1175
2636	1177
2637	1179
2638	1181
2639	1183
2640	1185
2641	1187
2642	1189
2643	1191
2644	1193
2645	1195
2646	1197
2647	1199
2648	1201
2649	1203
2650	1205
2651	1207
2652	1209
2653	1211
2654	1213
2655	1215
2656	1217
2657	1219
2658	1221
2659	1223
2660	1225
2661	1227
2662	1229
2663	1231
2664	1233
2665	1235
2666	1237
2667	1239
2668	1241
2669	1243
2670	1245
2671	1247
2672	1249
2673	1251
2674	1253
2675	1255
2676	1257
2677	1259
2678	1261
2679	1263
2680	1265
2681	1267
2682	1269
2683	1271
2684	1273
2685	1275
2686	1277
2687	1279
2688	1281
2689	1283
2690	1285
2691	1287
2692	1289
2693	1291
2694	1293
2695	1295
2696	1297
2697	1299
2698	1301
2699	1303
2700	1305
2701	1307
2702	1309
2703	1311
2704	1313
2705	1315
2706	1317
2707	1319
2708	1321
2709	1323
2710	1325
2711	1327
2712	1329
2713	1331
2714	1333
2715	1335
2716	1337
2717	1339
2718	1341
2719	1343
2720	1345
2721	1347
2722	1349
2723	1351
2724	1353
2725	1355
2726	1357
2727	1359
2728	1361
2729	1363
2730	1365
2731	1367
2732	1369
2733	1371
2734	1373
2735	1375
2736	1377
2737	1379
2738	1381
2739	1383
2740	1385
2741	1387
2742	1389
2743	1391
2744	1393
2745	1395
2746	1397
2747	1399
2748	1401
2749	1403
2750	1405
2751	1407
2752	1409
2753	1411
2754	1413
2755	1415
2756	1417
2757	1419
2758	1421
2759	1423
2760	1425
2761	1427
2762	1429
2763	1431
2764	1433
2765	1435
2766	1437
2767	1439
2768	1441
2769	1443
2770	1445
2771	1447
2772	1449
2773	1451
2774	1453
2775	1455
2776	1457
2777	1459
2778	1461
2779	1463
2780	1465
2781	1467
2782	1469
2783	1471
2784	1473
2785	1475
2786	1477
2787	1479
2788	1481
2789	1483
2790	1485
2791	1487
2792	1489
2793	1491
2794	1493
2795	1495
2796	1497
2797	1499
2798	1501
2799	1503
2800	1505
2801	1507
2802	1509
2803	1511
2804	1513
2805	1515
2806	1517
2807	1519
2808	1521
2809	1523
2810	1525
2811	1527
2812	1529
2813	1531
2814	1533
2815	1535
2816	1537
2817	1539
2818	1541
2819	1543
2820	1545
2821	1547
2822	1549
2823	1551
2824	1553
2825	1555
2826	1557
2827	1559
2828	1561
2829	1563
2830	1565
2831	1567
2832	1569
2833	1571
2834	1573
2835	1575
2836	1577
2837	1579
2838	1581
2839	1583
2840	1585
2841	1587
2842	1589
2843	1591
2844	1593
2845	1595
2846	1597
2847	1599
2848	1601
2849	1603
2850	1605
2851	1607
2852	1609
2853	1611
2854	1613
2855	1615
2856	1617
2857	1619
2858	1621
2859	1623
2860	1625
2861	1627
2862	1629
2863	1631
2864	1633
2865	1635
2866	1637
2867	1639
2868	1641
2869	1643
2870	1645
2871	1647
2872	1649
2873	1651
2874	1653
2875	1655
2876	1657
2877	1659
2878	1661
2879	1663
2880	1665
2881	1667
2882	1669
2883	1671
2884	1673
2885	1675
2886	1677
2887	1679
2888	1681
2889	1683
2890	1685
2891	1687
2892	1689
2893	1691
2894	1693
2895	1695
2896	1697
2897	1699
2898	1701
2899	1703
2900	1705
2901	1707
2902	1709
2903	1711
2904	1713
2905	1715
2906	1717
2907	1719
2908	1721
2909	1723
2910	1725
2911	1727
2912	1729
2913	1731
2914	1733
2915	1735
2916	1737
2917	1739
2918	1741
2919	1743
2920	1745
2921	1747
2922	1749
2923	1751
2924	1753
2925	1755
2926	1757
2927	1759
2928	1761
2929	1763
2930	1765
2931	1767
2932	1769
2933	1771
2934	1773
2935	1775
2936	1777
2937	1779
2938	1781
2939	1783
2940	1785
2941	1787
2942	1789
2943	1791
2944	1793
2945	1795
2946	1797
2947	1799
2948	1801
2949	1803
2950	1805
2951	1807
2952	1809
2953	1811
2954	1813
2955	1815
2956	1817
2957	1819
2958	1821
2959	1823
2960	1825
2961	1827
2962	1829
2963	1831
2964	1833
2965	1835
2966	1837
2967	1839
2968	1841
2969	1843
2970	1845
2971	1847
2972	1849
2973	1851
2974	1853
2975	1855
2976	1857
2977	1859
2978	1861
2979	1863
2980	1865
2981	1867
2982	1869
2983	1871
2984	1873
2985	1875
2986	1877
2987	1879
2988	1881
2989	1883
2990	1885
2991	1887
2992	1889
2993	1891
2994	1893
2995	1895
2996	1897
2997	1899
2998	1901
2999	1903
3000	1905
3001	1907
3002	1909
3003	1911
3004	1913
3005	1915
3006	1917
3007	1919
3008	1921
3009	1923
3010	1925
3011	1927
3012	1929
3013	1931
3014	1933
3015	1935
3016	1937
3017	1939
3018	1941
3019	1943
3020	1945
3021	1947
3022	1949
3023	1951
3024	1953
3025	1955
3026	1957
3027	1959
3028	1961
3029	1963
3030	1965
3031	1967
3032	1969
3033	1971
3034	1973
3035	1975
3036	1977
3037	1979
3038	1981
3039	1983
3040	1985
3041	1987
3042	1989
3043	1991
3044	1993
3045	1995
3046	1997
3047	1999
3048	2001
3049	2003
3050	2005
3051	2007
3052	2009
3053	2011
3054	2013
3055	2015
3056	2017
3057	2019
3058	2021
3059	2023
3060	2025
3061	2027
3062	2029
3063	2031
3064	2033
3065	2035
3066	2037
3067	2039
3068	2041
3069	2043
3070	2045
3071	2047
3072	2049
3073	2051
3074	2053
3075	2055
3076	2057
3077	2059
3078	2061
3079	2063
3080	2065
3081	2067
3082	2069
3083	2071
3084	2073
3085	2075
3086	2077
3087	2079
3088	2081
3089	2083
3090	2085
3091	2087
3092	2089
3093	2091
3094	2093
3095	2095
3096	2097
3097	2099
3098	2101
3099	2103
3100	2105
3101	2107
3102	2109
3103	2111
3104	2113
3105	2115
3106	2117
3107	2119
3108	2121
3109	2123
3110	2125
3111	2127
3112	2129
3113	2131
3114	2133
3115	2135
3116	2137
3117	2139
3118	2141
3119	2143
3120	2145
3121	2147
3122	2149
3123	2151
3124	2153
3125	2155
3126	2157
3127	2159
3128	2161
3129	2163
3130	2165
3131	2167
3132	2169
3133	2171
3134	2173
3135	2175
3136	2177
3137	2179
3138	2181
3139	2183
3140	2185
3141	2187
3142	2189
3143	2191
3144	2193
3145	2195
3146	2197
3147	2199
3148	2201
3149	2203
3150	2205
3151	2207
3152	2209
3153	2211
3154	2213
3155	2215
3156	2217
3157	2219
3158	2221
3159	2223
3160	2225
3161	2227
3162	2229
3163	2231
3164	2233
3165	2235
3166	2237
3167	2239
3168	2241
3169	2243
3170	2245
3171	2247
3172	2249
3173	2251
3174	2253
3175	2255
3176	2257
3177	2259
3178	2261
3179	2263
3180	2265
3181	2267
3182	2269
3183	2271
3184	2273
3185	2275
3186	2277
3187	2279
3188	2281
3189	2283
3190	2285
3191	2287
3192	2289
3193	2291
3194	2293
3195	2295
3196	2297
3197	2299
3198	2301
3199	2303
3200	2305
3201	2307
3202	2309
3203	2311
3204	2313
3205	2315
3206	2317
3207	2319
3208	2321
3209	2323
3210	2325
3211	2327
3212	2329
3213	2331
3214	2333
3215	2335
3216	2337
3217	2339
3218	2341
3219	2343
3220	2345
3221	2347
3222	2349
3223	2351
3224	2353
3225	2355
3226	2357
3227	2359
3228	2361
3229	2363
3230	2365
3231	2367
3232	2369
3233	2371
3234	2373
3235	2375
3236	2377
3237	2379
3238	2381
3239	2383
3240	2385
3241	2387
3242	2389
3243	2391
3244	2393
3245	2395
3246	2397
3247	2399
3248	2401
3249	2403
3250	2405
3251	2407
3252	2409
3253	2411
3254	2413
3255	2415
3256	2417
3257	2419
3258	2421
3259	2423
3260	2425
3261	2427
3262	2429
3263	2431
3264	2433
3265	2435
3266	2437
3267	2439
3268	2441
3269	2443
3270	2445
3271	2447
3272	2449
3273	2451
3274	2453
3275	2455
3276	2457
3277	2459
3278	2461
3279	2463
3280	2465
3281	2467
3282	2469
3283	2471
3284	2473
3285	2475
3286	2477
3287	2479
3288	2481
3289	2483
3290	2485
3291	2487
3292	2489
3293	2491
3294	2493
3295	2495
3296	2497
3297	2499
3298	2501
3299	2503
3300	2505
3301	2507
3302	2509
3303	2511
3304	2513
3305	2515
3306	2517
3307	2519
3308	2521
3309	2523
3310	2525
3311	2527
3312	2529
3313	2531
3314	2533
3315	2535
3316	2537
3317	2539
3318	2541
3319	2543
3320	2545
3321	2547
3322	2549
3323	2551
3324	2553
3325	2555
3326	2557
3327	2559
3328	2561
3329	2563
3330	2565
3331	2567
3332	2569
3333	2571
3334	2573
3335	2575
3336	2577
3337	2579
3338	2581
3339	2583
3340	2585
3341	2587
3342	2589
3343	2591
3344	2593
3345	2595
3346	2597
3347	2599
3348	2601
3349	2603
3350	2605
3351	2607
3352	2609
3353	2611
3354	2613
3355	2615
3356	2617
3357	2619
3358	2621
3359	2623
3360	2625
3361	2627
3362	2629
3363	2631
3364	2633
3365	2635
3366	2637
3367	2639
3368	2641
3369	2643
3370	2645
3371	2647
3372	2649
3373	2651
3374	2653
3375	2655
3376	2657
3377	2659
3378	2661
3379	2663
3380	2665
3381	2667
3382	2669
3383	2671
3384	2673
3385	2675
3386	2677
3387	2679
3388	2681
3389	2683
3390	2685
3391	2687
3392	2689
3393	2691
3394	2693
3395	2695
3396	2697
3397	2699
3398	2701
3399	2703
3400	2705
3401	2707
3402	2709
3403	2711
3404	2713
3405	2715
3406	2717
3407	2719
3408	2721
3409	2723
3410	2725
3411	2727
3412	2729
3413	2731
3414	2733
3415	2735
3416	2737
3417	2739
3418	2741
3419	2743
3420	2745
3421	2747
3422	2749
3423	2751
3424	2753
3425	2755
3426	2757
3427	2759
3428	2761
3429	2763
3430	2765
3431	2767
3432	2769
3433	2771
3434	2773
3435	2775
3436	2777
3437	2779
3438	2781
3439	2783
3440	2785
3441	2787
3442	2789
3443	2791
3444	2793
3445	2795
3446	2797
3447	2799
3448	2801
3449	2803
3450	2805
3451	2807
3452	2809
3453	2811
3454	2813
3455	2815
3456	2817
3457	2819
3458	2821
3459	2823
3460	2825
3461	2827
3462	2829
3463	2831
3464	2833
3465	2835
3466	2837
3467	2839
3468	2841
3469	2843
3470	2845
3471	2847
3472	2849
3473	2851
3474	2853
3475	2855
3476	2857
3477	2859
3478	2861
3479	2863
3480	2865
3481	2867
3482	2869
3483	2871
3484	2873
3485	2875
3486	2877
3487	2879
3488	2881
3489	2883
3490	2885
3491	2887
3492	2889
3493	2891
3494	2893
3495	2895
3496	2897
3497	2899
3498	2901
3499	2903
3500	2905
3501	2907
3502	2909
3503	2911
3504	2913
3505	2915
3506	2917
3507	2919
3508	2921
3509	2923
3510	2925
3511	2927
3512	2929
3513	2931
3514	2933
3515	2935
3516	2937
3517	2939
3518	2941
3519	2943
3520	2945
3521	2947
3522	2949
3523	2951
3524	2953
3525	2955
3526	2957
3527	2959
3528	2961
3529	2963
3530	2965
3531	2967
3532	2969
3533	2971
3534	2973
3535	2975
3536	2977
3537	2979
3538	2981
3539	2983
3540	2985
3541	2987
3542	2989
3543	2991
3544	2993
3545	2995
3546	2997
3547	2999
3548	3001
3549	3003
3550	3005
3551	3007
3552	3009
3553	3011
3554	3013
3555	3015
3556	3017
3557	3019
3558	3021
3559	3023
3560	3025
3561	3027
3562	3029
3563	3031
3564	3033
3565	3035
3566	3037
3567	3039
3568	3041
3569	3043
3570	3045
3571	3047
3572	3049
3573	3051
3574	3053
3575	3055
3576	3057
3577	3059
3578	3061
3579	3063
3580	3065
3581	3067
3582	3069
3583	3071
3584	3073
3585	3075
3586	3077
3587	3079
3588	3081
3589	3083
3590	3085
3591	3087
3592	3089
3593	3091
3594	3093
3595	3095
3596	3097
3597	3099
3598	3101
3599	3103
3600	3105
3601	3107
3602	3109
3603	3111
3604	3113
3605	3115
3606	3117
3607	3119
3608	3121
3609	3123
3610	3125
3611	3127
3612	3129
3613	3131
3614	3133
3615	3135
3616	3137
3617	3139
3618	3141
3619	3143
3620	3145
3621	3147
3622	3149
3623	3151
3624	3153
3625	3155
3626	3157
3627	3159
3628	3161
3629	3163
3630	3165
3631	3167
3632	3169
3633	3171
3634	3173
3635	3175
3636	3177
3637	3179
3638	3181
3639	3183
3640	3185
3641	3187
3642	3189
3643	3191
3644	3193
3645	3195
3646	3197
3647	3199
3648	3201
3649	3203
3650	3205
3651	3207
3652	3209
3653	3211
3654	3213
3655	3215
3656	3217
3657	3219
3658	3221
3659	3223
3660	3225
3661	3227
3662	3229
3663	3231
3664	3233
3665	3235
3666	3237
3667	3239
3668	3241
3669	3243
3670	3245
3671	3247
3672	3249
3673	3251
3674	3253
3675	3255
3676	3257
3677	3259
3678	3261
3679	3263
3680	3265
3681	3267
3682	3269
3683	3271
3684	3273
3685	3275
3686	3277
3687	3279
3688	3281
3689	3283
3690	3285
3691	3287
3692	3289
3693	3291
3694	3293
3695	3295
3696	3297
3697	3299
3698	3301
3699	3303
3700	3305
3701	3307
3702	3309
3703	3311
3704	3313
3705	3315
3706	3317
3707	3319
3708	3321
3709	3323
3710	3325
3711	3327
3712	3329
3713	3331
3714	3333
3715	3335
3716	3337
3717	3339
3718	3341
3719	3343
3720	3345
3721	3347
3722	3349
3723	3351
3724	3353
3725	3355
3726	3357
3727	3359
3728	3361
3729	3363
3730	3365
3731	3367
3732	3369
3733	3371
3734	3373
3735	3375
3736	3377
3737	3379
3738	3381
3739	3383
3740	3385
3741	3387
3742	3389
3743	3391
3744	3393
3745	3395
3746	3397
3747	3399
3748	3401
3749	3403
3750	3405
3751	3407
3752	3409
3753	3411
3754	3413
3755	3415
3756	3417
3757	3419
3758	3421
3759	3423
3760	3425
3761	3427
3762	3429
3763	3431
3764	3433
3765	3435
3766	3437
3767	3439
3768	3441
3769	3443
3770	3445
3771	3447
3772	3449
3773	3451
3774	3453
3775	3455
3776	3457
3777	3459
3778	3461
3779	3463
3780	3465
3781	3467
3782	3469
3783	3471
3784	3473
3785	3475
3786	3477
3787	3479
3788	3481
3789	3483
3790	3485
3791	3487
3792	3489
3793	3491
3794	3493
3795	3495
3796	3497
3797	3499
3798	3501
3799	3503
3800	3505
3801	3507
3802	3509
3803	3511
3804	3513
3805	3515
3806	3517
3807	3519
3808	3521
3809	3523
3810	3525
3811	3527
3812	3529
3813	3531
3814	3533
3815	3535
3816	3537
3817	3539
3818	3541
3819	3543
3820	3545
3821	3547
3822	3549
3823	3551
3824	3553
3825	3555
3826	3557
3827	3559
3828	3561
3829	3563
3830	3565
3831	3567
3832	3569
3833	3571
3834	3573
3835	3575
3836	3577
3837	3579
3838	3581
3839	3583
3840	3585
3841	3587
3842	3589
3843	3591
3844	3593
3845	3595
3846	3597
3847	3599
3848	3601
3849	3603
3850	3605
3851	3607
3852	3609
3853	3611
3854	3613
3855	3615
3856	3617
3857	3619
3858	3621
3859	3623
3860	3625
3861	3627
3862	3629
3863	3631
3864	3633
3865	3635
3866	3637
3867	3639
3868	3641
3869	3643
3870	3645
3871	3647
3872	3649
3873	3651
3874	3653
3875	3655
3876	3657
3877	3659
3878	3661
3879	3663
3880	3665
3881	3667
3882	3669
3883	3671
3884	3673
3885	3675
3886	3677
3887	3679
3888	3681
3889	3683
3890	3685
3891	3687
3892	3689
3893	3691
3894	3693
3895	3695
3896	3697
3897	3699
3898	3701
3899	3703
3900	3705
3901	3707
3902	3709
3903	3711
3904	3713
3905	3715
3906	3717
3907	3719
3908	3721
3909	3723
3910	3725
3911	3727
3912	3729
3913	3731
3914	3733
3915	3735
3916	3737
3917	3739
3918	3741
3919	3743
3920	3745
3921	3747
3922	3749
3923	3751
3924	3753
3925	3755
3926	3757
3927	3759
3928	3761
3929	3763
3930	3765
3931	3767
3932	3769
3933	3771
3934	3773
3935	3775
3936	3777
3937	3779
3938	3781
3939	3783
3940	3785
3941	3787
3942	3789
3943	3791
3944	3793
3945	3795
3946	3797
3947	3799
3948	3801
3949	3803
3950	3805
3951	3807
3952	3809
3953	3811
3954	3813
3955	3815
3956	3817
3957	3819
3958	3821
3959	3823
3960	3825
3961	3827
3962	3829
3963	3831
3964	3833
3965	3835
3966	3837
3967	3839
3968	3841
3969	3843
3970	3845
3971	3847
3972	3849
3973	3851
3974	3853
3975	3855
3976	3857
3977	3859
3978	3861
3979	3863
3980	3865
3981	3867
3982	3869
3983	3871
3984	3873
3985	3875
3986	3877
3987	3879
3988	3881
3989	3883
3990	3885
3991	3887
3992	3889
3993	3891
3994	3893
3995	3895
3996	3897
3997	3899
3998	3901
3999	3903
4000	3905
4001	3907
4002	3909
4003	3911
4004	3913
4005	3915
4006	3917
4007	3919
4008	3921
4009	3923
4010	3925
4011	3927
4012	3929
4013	3931
4014	3933
4015	3935
4016	3937
4017	3939
4018	3941
4019	3943
4020	3945
4021	3947
4022	3949
4023	3951
4024	3953
4025	3955
4026	3957
4027	3959
4028	3961
4029	3963
4030	3965
4031	3967
4032	3969
4033	3971
4034	3973
4035	3975
4036	3977
4037	3979
4038	3981
4039	3983
4040	3985
4041	3987
4042	3989
4043	3991
4044	3993
4045	3995
4046	3997
4047	3999
4048	4001
4049	4003
4050	4005
4051	4007
4052	4009
4053	4011
4054	4013
4055	4015
4056	4017
4057	4019
4058	4021
4059	4023
4060	4025
4061	4027
4062	4029
4063	4031
4064	4033
4065	4035
4066	4037
4067	4039
4068	4041
4069	4043
4070	4045
4071	4047
4072	4049
4073	4051
4074	4053
4075	4055
4076	4057
4077	4059
4078	4061
4079	4063
4080	4065
4081	4067
4082	4069
4083	4071
4084	4073
4085	4075
4086	4077
4087	4079
4088	4081
4089	4083
4090	4085
4091	4087
4092	4089
4093	4091
4094	4093
4095	0
