0	511
1	512
2	513
3	514
4	515
5	516
6	517
7	518
8	519
9	520
10	521
11	522
12	523
13	524
14	525
15	526
16	527
17	528
18	529
19	530
20	531
21	532
22	533
23	534
24	535
25	536
26	537
27	538
28	539
29	540
30	541
31	542
32	543
33	544
34	545
35	546
36	547
37	548
38	549
39	550
40	551
41	552
42	553
43	554
44	555
45	556
46	557
47	558
48	559
49	560
50	561
51	562
52	563
53	564
54	565
55	566
56	567
57	568
58	569
59	570
60	571
61	572
62	573
63	574
64	575
65	576
66	577
67	578
68	579
69	580
70	581
71	582
72	583
73	584
74	585
75	586
76	587
77	588
78	589
79	590
80	591
81	592
82	593
83	594
84	595
85	596
86	597
87	598
88	599
89	600
90	601
91	602
92	603
93	604
94	605
95	606
96	607
97	608
98	609
99	610
100	611
101	612
102	613
103	614
104	615
105	616
106	617
107	618
108	619
109	620
110	621
111	622
112	623
113	624
114	625
115	626
116	627
117	628
118	629
119	630
120	631
121	632
122	633
123	634
124	635
125	636
126	637
127	638
128	639
129	640
130	641
131	642
132	643
133	644
134	645
135	646
136	647
137	648
138	649
139	650
140	651
141	652
142	653
143	654
144	655
145	656
146	657
147	658
148	659
149	660
150	661
151	662
152	663
153	664
154	665
155	666
156	667
157	668
158	669
159	670
160	671
161	672
162	673
163	674
164	675
165	676
166	677
167	678
168	679
169	680
170	681
171	682
172	683
173	684
174	685
175	686
176	687
177	688
178	689
179	690
180	691
181	692
182	693
183	694
184	695
185	696
186	697
187	698
188	699
189	700
190	701
191	702
192	703
193	704
194	705
195	706
196	707
197	708
198	709
199	710
200	711
201	712
202	713
203	714
204	715
205	716
206	717
207	718
208	719
209	720
210	721
211	722
212	723
213	724
214	725
215	726
216	727
217	728
218	729
219	730
220	731
221	732
222	733
223	734
224	735
225	736
226	737
227	738
228	739
229	740
230	741
231	742
232	743
233	744
234	745
235	746
236	747
237	748
238	749
239	750
240	751
241	752
242	753
243	754
244	755
245	756
246	757
247	758
248	759
249	760
250	761
251	762
252	763
253	764
254	765
255	766
256	767
257	768
258	769
259	770
260	771
261	772
262	773
263	774
264	775
265	776
266	777
267	778
268	779
269	780
270	781
271	782
272	783
273	784
274	785
275	786
276	787
277	788
278	789
279	790
280	791
281	792
282	793
283	794
284	795
285	796
286	797
287	798
288	799
289	800
290	801
291	802
292	803
293	804
294	805
295	806
296	807
297	808
298	809
299	810
300	811
301	812
302	813
303	814
304	815
305	816
306	817
307	818
308	819
309	820
310	821
311	822
312	823
313	824
314	825
315	826
316	827
317	828
318	829
319	830
320	831
321	832
322	833
323	834
324	835
325	836
326	837
327	838
328	839
329	840
330	841
331	842
332	843
333	844
334	845
335	846
336	847
337	848
338	849
339	850
340	851
341	852
342	853
343	854
344	855
345	856
346	857
347	858
348	859
349	860
350	861
351	862
352	863
353	864
354	865
355	866
356	867
357	868
358	869
359	870
360	871
361	872
362	873
363	874
364	875
365	876
366	877
367	878
368	879
369	880
370	881
371	882
372	883
373	884
374	885
375	886
376	887
377	888
378	889
379	890
380	891
381	892
382	893
383	894
384	895
385	896
386	897
387	898
388	899
389	900
390	901
391	902
392	903
393	904
394	905
395	906
396	907
397	908
398	909
399	910
400	911
401	912
402	913
403	914
404	915
405	916
406	917
407	918
408	919
409	920
410	921
411	922
412	923
413	924
414	925
415	926
416	927
417	928
418	929
419	930
420	931
421	932
422	933
423	934
424	935
425	936
426	937
427	938
428	939
429	940
430	941
431	942
432	943
433	944
434	945
435	946
436	947
437	948
438	949
439	950
440	951
441	952
442	953
443	954
444	955
445	956
446	957
447	958
448	959
449	960
450	961
451	962
452	963
453	964
454	965
455	966
456	967
457	968
458	969
459	970
460	971
461	972
462	973
463	974
464	975
465	976
466	977
467	978
468	979
469	980
470	981
471	982
472	983
473	984
474	985
475	986
476	987
477	988
478	989
479	990
480	991
481	992
482	993
483	994
484	995
485	996
486	997
487	998
488	999
489	1000
490	1001
491	1002
492	1003
493	1004
494	1005
495	1006
496	1007
497	1008
498	1009
499	1010
500	1011
501	1012
502	1013
503	1014
504	1015
505	1016
506	1017
507	1018
508	1019
509	1020
510	1021
511	1022
512	1023
513	0
514	1
515	2
516	3
517	4
518	5
519	6
520	7
521	8
522	9
523	10
524	11
525	12
526	13
527	14
528	15
529	16
530	17
531	18
532	19
533	20
534	21
535	22
536	23
537	24
538	25
539	26
540	27
541	28
542	29
543	30
544	31
545	32
546	33
547	34
548	35
549	36
550	37
551	38
552	39
553	40
554	41
555	42
556	43
557	44
558	45
559	46
560	47
561	48
562	49
563	50
564	51
565	52
566	53
567	54
568	55
569	56
570	57
571	58
572	59
573	60
574	61
575	62
576	63
577	64
578	65
579	66
580	67
581	68
582	69
583	70
584	71
585	72
586	73
587	74
588	75
589	76
590	77
591	78
592	79
593	80
594	81
595	82
596	83
597	84
598	85
599	86
600	87
601	88
602	89
603	90
604	91
605	92
606	93
607	94
608	95
609	96
610	97
611	98
612	99
613	100
614	101
615	102
616	103
617	104
618	105
619	106
620	107
621	108
622	109
623	110
624	111
625	112
626	113
627	114
628	115
629	116
630	117
631	118
632	119
633	120
634	121
635	122
636	123
637	124
638	125
639	126
640	127
641	128
642	129
643	130
644	131
645	132
646	133
647	134
648	135
649	136
650	137
651	138
652	139
653	140
654	141
655	142
656	143
657	144
658	145
659	146
660	147
661	148
662	149
663	150
664	151
665	152
666	153
667	154
668	155
669	156
670	157
671	158
672	159
673	160
674	161
675	162
676	163
677	164
678	165
679	166
680	167
681	168
682	169
683	170
684	171
685	172
686	173
687	174
688	175
689	176
690	177
691	178
692	179
693	180
694	181
695	182
696	183
697	184
698	185
699	186
700	187
701	188
702	189
703	190
704	191
705	192
706	193
707	194
708	195
709	196
710	197
711	198
712	199
713	200
714	201
715	202
716	203
717	204
718	205
719	206
720	207
721	208
722	209
723	210
724	211
725	212
726	213
727	214
728	215
729	216
730	217
731	218
732	219
733	220
734	221
735	222
736	223
737	224
738	225
739	226
740	227
741	228
742	229
743	230
744	231
745	232
746	233
747	234
748	235
749	236
750	237
751	238
752	239
753	240
754	241
755	242
756	243
757	244
758	245
759	246
760	247
761	248
762	249
763	250
764	251
765	252
766	253
767	254
768	255
769	256
770	257
771	258
772	259
773	260
774	261
775	262
776	263
777	264
778	265
779	266
780	267
781	268
782	269
783	270
784	271
785	272
786	273
787	274
788	275
789	276
790	277
791	278
792	279
793	280
794	281
795	282
796	283
797	284
798	285
799	286
800	287
801	288
802	289
803	290
804	291
805	292
806	293
807	294
808	295
809	296
810	297
811	298
812	299
813	300
814	301
815	302
816	303
817	304
818	305
819	306
820	307
821	308
822	309
823	310
824	311
825	312
826	313
827	314
828	315
829	316
830	317
831	318
832	319
833	320
834	321
835	322
836	323
837	324
838	325
839	326
840	327
841	328
842	329
843	330
844	331
845	332
846	333
847	334
848	335
849	336
850	337
851	338
852	339
853	340
854	341
855	342
856	343
857	344
858	345
859	346
860	347
861	348
862	349
863	350
864	351
865	352
866	353
867	354
868	355
869	356
870	357
871	358
872	359
873	360
874	361
875	362
876	363
877	364
878	365
879	366
880	367
881	368
882	369
883	370
884	371
885	372
886	373
887	374
888	375
889	376
890	377
891	378
892	379
893	380
894	381
895	382
896	383
897	384
898	385
899	386
900	387
901	388
902	389
903	390
904	391
905	392
906	393
907	394
908	395
909	396
910	397
911	398
912	399
913	400
914	401
915	402
916	403
917	404
918	405
919	406
920	407
921	408
922	409
923	410
924	411
925	412
926	413
927	414
928	415
929	416
930	417
931	418
932	419
933	420
934	421
935	422
936	423
937	424
938	425
939	426
940	427
941	428
942	429
943	430
944	431
945	432
946	433
947	434
948	435
949	436
950	437
951	438
952	439
953	440
954	441
955	442
956	443
957	444
958	445
959	446
960	447
961	448
962	449
963	450
964	451
965	452
966	453
967	454
968	455
969	456
970	457
971	458
972	459
973	460
974	461
975	462
976	463
977	464
978	465
979	466
980	467
981	468
982	469
983	470
984	471
985	472
986	473
987	474
988	475
989	476
990	477
991	478
992	479
993	480
994	481
995	482
996	483
997	484
998	485
999	486
1000	487
1001	488
1002	489
1003	490
1004	491
1005	492
1006	493
1007	494
1008	495
1009	496
1010	497
1011	498
1012	499
1013	500
1014	501
1015	502
1016	503
1017	504
1018	505
1019	506
1020	507
1021	508
1022	509
1023	510
