0	3482
1	560
2	3123
3	1953
4	3412
5	566
6	3884
7	3361
8	281
9	95
10	2369
11	3351
12	1814
13	951
14	3867
15	190
16	2636
17	1950
18	490
19	2080
20	3123
21	2293
22	2090
23	993
24	3096
25	657
26	3082
27	2713
28	608
29	2718
30	3469
31	1477
32	2044
33	3931
34	3708
35	1721
36	1685
37	1561
38	661
39	3865
40	3380
41	1479
42	1478
43	1946
44	360
45	2354
46	1741
47	3019
48	3454
49	790
50	2087
51	116
52	510
53	3688
54	2023
55	1165
56	2276
57	2822
58	1393
59	412
60	830
61	1439
62	221
63	2263
64	567
65	2362
66	2479
67	3541
68	160
69	2314
70	2911
71	1974
72	1232
73	3716
74	3680
75	3654
76	4086
77	3745
78	2261
79	1018
80	355
81	2661
82	1462
83	4072
84	1059
85	874
86	2806
87	3827
88	2978
89	2607
90	1291
91	2585
92	2505
93	1920
94	2344
95	1016
96	3239
97	1323
98	2135
99	2910
100	2706
101	1959
102	1930
103	3772
104	3845
105	3912
106	1873
107	3917
108	3512
109	984
110	3785
111	1666
112	173
113	679
114	3676
115	3825
116	1316
117	290
118	140
119	2276
120	1177
121	2971
122	362
123	1003
124	3440
125	204
126	889
127	20
128	678
129	636
130	3402
131	1524
132	3261
133	3759
134	908
135	526
136	3761
137	743
138	1264
139	557
140	93
141	3364
142	1954
143	2167
144	378
145	2255
146	2989
147	3145
148	3059
149	1551
150	1002
151	846
152	1449
153	2314
154	2872
155	572
156	3482
157	1530
158	2546
159	3082
160	2425
161	3266
162	3299
163	3247
164	2667
165	48
166	761
167	530
168	2731
169	3448
170	95
171	84
172	1188
173	372
174	3869
175	3543
176	3425
177	2576
178	1974
179	1663
180	2391
181	2498
182	1267
183	3177
184	167
185	3224
186	2128
187	3692
188	3745
189	1320
190	18
191	2690
192	2945
193	3147
194	798
195	3062
196	1263
197	1995
198	765
199	2981
200	3159
201	3979
202	784
203	1113
204	1530
205	2474
206	2277
207	41
208	2513
209	3669
210	2164
211	3595
212	681
213	931
214	3729
215	891
216	26
217	1785
218	2478
219	1435
220	1575
221	235
222	1744
223	839
224	1991
225	3231
226	3691
227	3812
228	2057
229	1543
230	3752
231	1956
232	3197
233	362
234	280
235	1990
236	2424
237	2277
238	1939
239	3230
240	2242
241	3270
242	1052
243	2052
244	2522
245	3274
246	738
247	1564
248	567
249	450
250	1066
251	2227
252	3755
253	2091
254	127
255	66
256	3537
257	270
258	1900
259	1335
260	1941
261	2732
262	3338
263	2048
264	1653
265	3694
266	2642
267	1903
268	1057
269	1519
270	1921
271	467
272	2483
273	608
274	1590
275	2388
276	2769
277	1262
278	1344
279	3872
280	3640
281	1480
282	1026
283	1803
284	2685
285	783
286	3202
287	3573
288	3533
289	3916
290	3435
291	1498
292	1675
293	1593
294	282
295	2661
296	2467
297	2143
298	2649
299	1624
300	1151
301	3501
302	1377
303	1302
304	764
305	671
306	3462
307	650
308	1551
309	600
310	2575
311	3836
312	3071
313	3463
314	829
315	2965
316	3575
317	3323
318	730
319	1939
320	1283
321	2087
322	4016
323	1526
324	3927
325	2662
326	883
327	2162
328	325
329	2795
330	3913
331	1840
332	1923
333	1702
334	2227
335	1861
336	2923
337	2606
338	2754
339	1073
340	176
341	1264
342	1123
343	1479
344	1546
345	2972
346	2768
347	1182
348	2318
349	926
350	1907
351	1692
352	3748
353	1597
354	2976
355	3222
356	1396
357	431
358	3551
359	3452
360	2698
361	1831
362	3922
363	1114
364	189
365	3480
366	2558
367	308
368	3127
369	2997
370	2074
371	962
372	428
373	1106
374	2419
375	1737
376	3510
377	3415
378	1698
379	3619
380	2095
381	781
382	3413
383	3606
384	220
385	2772
386	1969
387	2779
388	2146
389	1532
390	177
391	2533
392	258
393	3873
394	1314
395	3714
396	3552
397	796
398	3299
399	4006
400	828
401	3759
402	405
403	2331
404	1145
405	252
406	471
407	3480
408	2516
409	337
410	1106
411	1706
412	1131
413	1780
414	400
415	2377
416	3642
417	180
418	804
419	196
420	4068
421	3663
422	2541
423	3075
424	2390
425	2438
426	2835
427	2501
428	3483
429	604
430	1528
431	1758
432	3467
433	2124
434	1591
435	3212
436	2287
437	131
438	161
439	3273
440	1930
441	2582
442	1241
443	1718
444	2807
445	2255
446	1548
447	1557
448	876
449	3351
450	667
451	1661
452	2453
453	2948
454	1607
455	1687
456	600
457	1363
458	3382
459	364
460	443
461	2265
462	1145
463	1458
464	589
465	1647
466	2551
467	3445
468	2180
469	3296
470	2105
471	3625
472	1417
473	1251
474	2292
475	712
476	1013
477	823
478	1049
479	721
480	2368
481	1704
482	376
483	580
484	4040
485	3108
486	1005
487	3279
488	1113
489	1433
490	2595
491	2612
492	1187
493	1856
494	1990
495	55
496	1521
497	1201
498	142
499	2419
500	2259
501	3782
502	1303
503	3214
504	399
505	3187
506	95
507	4077
508	154
509	579
510	3802
511	1985
512	772
513	2708
514	14
515	736
516	442
517	3911
518	3870
519	3041
520	1753
521	3406
522	2719
523	2850
524	2576
525	844
526	2225
527	2560
528	3495
529	888
530	2313
531	3096
532	891
533	2827
534	1597
535	3895
536	63
537	4051
538	998
539	735
540	2193
541	2291
542	3448
543	1045
544	291
545	1958
546	1696
547	1699
548	1299
549	3713
550	152
551	2608
552	1155
553	821
554	2067
555	1265
556	816
557	703
558	3741
559	2015
560	2873
561	2339
562	565
563	3898
564	2882
565	2852
566	2963
567	3767
568	1851
569	1364
570	574
571	437
572	3779
573	940
574	1324
575	1661
576	40
577	1914
578	1333
579	1792
580	2233
581	1769
582	1488
583	1022
584	1395
585	1484
586	2508
587	4
588	3590
589	1893
590	2158
591	328
592	2337
593	1336
594	4058
595	976
596	1685
597	2219
598	514
599	2931
600	420
601	389
602	1971
603	35
604	1373
605	4038
606	2835
607	2376
608	3068
609	3511
610	2099
611	171
612	238
613	2340
614	2818
615	3512
616	2010
617	1875
618	276
619	2291
620	2081
621	1068
622	324
623	2358
624	3839
625	3510
626	2237
627	2907
628	1867
629	1019
630	1385
631	3508
632	1746
633	2617
634	2213
635	3659
636	2353
637	44
638	1495
639	2588
640	3972
641	1380
642	2520
643	82
644	1223
645	2187
646	3843
647	969
648	3809
649	2522
650	3092
651	930
652	3235
653	835
654	2319
655	1703
656	1622
657	3681
658	1406
659	2532
660	1989
661	3543
662	99
663	1857
664	2929
665	3498
666	1747
667	538
668	3171
669	1794
670	1826
671	1330
672	2182
673	1091
674	2161
675	3037
676	1259
677	346
678	2293
679	0
680	4076
681	877
682	1928
683	3304
684	1425
685	1365
686	2279
687	1188
688	1949
689	565
690	2112
691	2185
692	1363
693	3108
694	468
695	3726
696	1246
697	1437
698	2426
699	831
700	2151
701	3178
702	1258
703	3114
704	2017
705	3137
706	2418
707	69
708	931
709	3568
710	1977
711	3206
712	1569
713	571
714	1864
715	709
716	2177
717	462
718	2882
719	479
720	1948
721	3793
722	1311
723	153
724	4081
725	432
726	79
727	2940
728	1759
729	3746
730	64
731	417
732	3918
733	2637
734	2689
735	113
736	1556
737	757
738	339
739	3065
740	1598
741	803
742	833
743	3175
744	1092
745	2278
746	3480
747	2865
748	1671
749	42
750	4077
751	2009
752	3360
753	2567
754	892
755	1852
756	1870
757	272
758	842
759	3493
760	931
761	2908
762	2287
763	3706
764	1124
765	1336
766	2433
767	2348
768	1047
769	1842
770	2115
771	3533
772	1986
773	2976
774	1957
775	420
776	3302
777	2763
778	2382
779	364
780	1921
781	611
782	987
783	414
784	1781
785	369
786	19
787	437
788	3367
789	644
790	2588
791	1084
792	1560
793	3039
794	7
795	4079
796	1054
797	2634
798	642
799	3265
800	128
801	3232
802	933
803	131
804	1260
805	2650
806	529
807	2267
808	2268
809	109
810	711
811	492
812	2219
813	2142
814	1225
815	2578
816	2619
817	3094
818	2019
819	2603
820	1263
821	1268
822	2259
823	3962
824	3728
825	279
826	1046
827	1860
828	854
829	2610
830	3486
831	1510
832	2304
833	1395
834	3174
835	2783
836	2438
837	3085
838	1919
839	640
840	1038
841	3043
842	4012
843	3284
844	1666
845	1141
846	2212
847	2501
848	259
849	3617
850	1004
851	3333
852	2252
853	502
854	727
855	922
856	2481
857	1097
858	995
859	410
860	3547
861	2362
862	2761
863	3137
864	35
865	546
866	2582
867	3142
868	1795
869	4049
870	3393
871	412
872	2194
873	1375
874	1415
875	1785
876	2556
877	2315
878	208
879	3168
880	319
881	1709
882	3505
883	1751
884	3036
885	3305
886	2906
887	1389
888	2490
889	2713
890	3953
891	2881
892	3149
893	3175
894	504
895	2207
896	3952
897	3901
898	2786
899	3579
900	3188
901	3766
902	2906
903	2090
904	23
905	1983
906	804
907	381
908	271
909	1841
910	305
911	1443
912	1023
913	3988
914	1171
915	2783
916	468
917	1309
918	926
919	2162
920	2583
921	3238
922	968
923	3481
924	2378
925	2979
926	2839
927	3249
928	3529
929	2375
930	77
931	216
932	1994
933	2683
934	174
935	2300
936	928
937	1328
938	2252
939	4087
940	2690
941	1625
942	781
943	3561
944	1287
945	1888
946	3068
947	2574
948	996
949	783
950	3844
951	1671
952	1350
953	2615
954	2446
955	3965
956	3567
957	252
958	1488
959	1636
960	551
961	3754
962	2244
963	4013
964	2149
965	2892
966	245
967	1836
968	399
969	3041
970	1859
971	1323
972	3352
973	3360
974	3001
975	3652
976	680
977	3385
978	2644
979	680
980	2806
981	2221
982	1266
983	2344
984	1288
985	502
986	3709
987	75
988	3488
989	3312
990	2338
991	1724
992	2722
993	1969
994	3580
995	3613
996	2808
997	1169
998	1165
999	2857
1000	519
1001	712
1002	3489
1003	3664
1004	515
1005	799
1006	3863
1007	1066
1008	1524
1009	1777
1010	206
1011	108
1012	1843
1013	3252
1014	2177
1015	3130
1016	1254
1017	1337
1018	405
1019	1387
1020	2349
1021	1995
1022	710
1023	1101
1024	4037
1025	3226
1026	41
1027	3092
1028	1722
1029	2261
1030	527
1031	1353
1032	396
1033	1652
1034	3573
1035	1259
1036	2727
1037	976
1038	1509
1039	1196
1040	2875
1041	2331
1042	1018
1043	1366
1044	3294
1045	2327
1046	3590
1047	621
1048	3845
1049	4064
1050	2607
1051	632
1052	311
1053	2070
1054	3689
1055	313
1056	3128
1057	438
1058	1527
1059	1483
1060	1000
1061	1200
1062	2494
1063	1518
1064	2571
1065	3566
1066	187
1067	3895
1068	2485
1069	2694
1070	4062
1071	1857
1072	733
1073	2352
1074	3381
1075	739
1076	3714
1077	1142
1078	1632
1079	806
1080	2888
1081	3132
1082	474
1083	1002
1084	4086
1085	1552
1086	3246
1087	3265
1088	186
1089	406
1090	2398
1091	2144
1092	916
1093	2256
1094	2750
1095	834
1096	541
1097	4016
1098	3870
1099	1817
1100	1934
1101	3954
1102	2470
1103	33
1104	616
1105	457
1106	3292
1107	3060
1108	3172
1109	3758
1110	2075
1111	2561
1112	2246
1113	2831
1114	2309
1115	1112
1116	578
1117	1085
1118	521
1119	2158
1120	3172
1121	3403
1122	2371
1123	755
1124	202
1125	2819
1126	2593
1127	1142
1128	2726
1129	3750
1130	3086
1131	4015
1132	2551
1133	3508
1134	3720
1135	556
1136	3589
1137	227
1138	1367
1139	1849
1140	337
1141	2152
1142	3686
1143	4061
1144	2444
1145	1940
1146	3706
1147	1097
1148	2030
1149	1285
1150	1378
1151	2234
1152	324
1153	2740
1154	2025
1155	3166
1156	770
1157	1628
1158	961
1159	2717
1160	704
1161	1857
1162	1062
1163	354
1164	1824
1165	2692
1166	3592
1167	106
1168	575
1169	2105
1170	1780
1171	2602
1172	1210
1173	3532
1174	1488
1175	1401
1176	2224
1177	3994
1178	433
1179	3220
1180	895
1181	1373
1182	1678
1183	2393
1184	3393
1185	2271
1186	3632
1187	1403
1188	2524
1189	611
1190	3305
1191	3856
1192	2552
1193	1178
1194	3167
1195	1168
1196	3069
1197	1382
1198	3390
1199	1807
1200	1548
1201	1960
1202	1161
1203	1173
1204	2584
1205	3125
1206	3807
1207	1959
1208	694
1209	1970
1210	2022
1211	846
1212	286
1213	1161
1214	1174
1215	3335
1216	3927
1217	634
1218	2982
1219	4085
1220	2617
1221	2391
1222	211
1223	3942
1224	2262
1225	1447
1226	1941
1227	711
1228	3556
1229	2415
1230	3080
1231	1049
1232	3375
1233	2473
1234	2292
1235	1210
1236	1450
1237	2808
1238	3699
1239	1283
1240	2116
1241	871
1242	3082
1243	2892
1244	3310
1245	229
1246	3019
1247	238
1248	285
1249	1610
1250	2920
1251	429
1252	1176
1253	1405
1254	3824
1255	3832
1256	1981
1257	2683
1258	2779
1259	1672
1260	3980
1261	1947
1262	1541
1263	1912
1264	742
1265	2520
1266	1375
1267	3065
1268	3706
1269	3907
1270	1013
1271	3400
1272	804
1273	2442
1274	379
1275	1588
1276	167
1277	453
1278	942
1279	2963
1280	3228
1281	3525
1282	1492
1283	3246
1284	3273
1285	3461
1286	770
1287	1526
1288	3092
1289	412
1290	2210
1291	419
1292	329
1293	561
1294	1894
1295	713
1296	1262
1297	3464
1298	89
1299	3083
1300	1470
1301	771
1302	3421
1303	552
1304	1433
1305	3214
1306	408
1307	283
1308	132
1309	1632
1310	1191
1311	3934
1312	1652
1313	2472
1314	1798
1315	947
1316	2797
1317	2038
1318	3850
1319	1555
1320	963
1321	3429
1322	2730
1323	543
1324	1193
1325	311
1326	3469
1327	162
1328	1741
1329	1645
1330	3522
1331	1231
1332	2938
1333	1756
1334	257
1335	447
1336	3074
1337	3826
1338	3094
1339	949
1340	3966
1341	463
1342	3470
1343	2215
1344	1115
1345	3244
1346	557
1347	824
1348	3531
1349	3508
1350	3839
1351	3251
1352	1789
1353	2424
1354	713
1355	3504
1356	2903
1357	2043
1358	2938
1359	2918
1360	1398
1361	1876
1362	1919
1363	2728
1364	2174
1365	1845
1366	1340
1367	656
1368	2253
1369	3006
1370	561
1371	2584
1372	733
1373	3096
1374	252
1375	3932
1376	2013
1377	3137
1378	2472
1379	1823
1380	1648
1381	910
1382	3675
1383	2745
1384	2140
1385	2116
1386	2688
1387	3007
1388	2383
1389	933
1390	2570
1391	3001
1392	822
1393	743
1394	3846
1395	3431
1396	1455
1397	3148
1398	3551
1399	2321
1400	700
1401	2827
1402	1191
1403	266
1404	3349
1405	77
1406	629
1407	1071
1408	1399
1409	3937
1410	1017
1411	1255
1412	1310
1413	736
1414	1910
1415	2520
1416	2894
1417	149
1418	2398
1419	1542
1420	616
1421	2780
1422	3078
1423	1647
1424	1013
1425	3204
1426	4020
1427	1991
1428	2208
1429	3432
1430	1905
1431	3786
1432	3449
1433	2721
1434	3205
1435	3295
1436	2034
1437	4025
1438	2912
1439	350
1440	0
1441	876
1442	1413
1443	622
1444	3986
1445	2373
1446	1196
1447	1913
1448	2256
1449	825
1450	2613
1451	1972
1452	2852
1453	1660
1454	3588
1455	544
1456	454
1457	810
1458	2553
1459	3964
1460	3450
1461	3848
1462	2117
1463	773
1464	1141
1465	673
1466	1733
1467	752
1468	1560
1469	540
1470	4041
1471	1790
1472	94
1473	3865
1474	1827
1475	322
1476	2195
1477	1877
1478	2911
1479	3380
1480	2682
1481	179
1482	1825
1483	807
1484	1242
1485	2908
1486	2575
1487	3131
1488	451
1489	3689
1490	3918
1491	3531
1492	1593
1493	1076
1494	3932
1495	3338
1496	36
1497	3648
1498	2744
1499	3474
1500	975
1501	2807
1502	2814
1503	2788
1504	398
1505	2932
1506	383
1507	1674
1508	211
1509	1660
1510	2236
1511	3799
1512	984
1513	1788
1514	1112
1515	1587
1516	3369
1517	3362
1518	1838
1519	1459
1520	323
1521	1388
1522	1789
1523	2234
1524	1844
1525	2770
1526	2325
1527	2030
1528	3449
1529	145
1530	836
1531	686
1532	3870
1533	3055
1534	3057
1535	1041
1536	2302
1537	2797
1538	1353
1539	1915
1540	2340
1541	3542
1542	2133
1543	1526
1544	536
1545	3930
1546	468
1547	1274
1548	2240
1549	553
1550	3243
1551	3900
1552	852
1553	2064
1554	957
1555	1225
1556	2295
1557	2831
1558	436
1559	4082
1560	4028
1561	3429
1562	754
1563	1245
1564	3904
1565	3122
1566	2413
1567	2489
1568	817
1569	1658
1570	2104
1571	596
1572	3574
1573	3617
1574	3219
1575	791
1576	2568
1577	1088
1578	3010
1579	857
1580	370
1581	116
1582	312
1583	3341
1584	1676
1585	525
1586	535
1587	1857
1588	1899
1589	476
1590	3504
1591	2415
1592	1199
1593	3631
1594	2758
1595	1815
1596	858
1597	3321
1598	1572
1599	3539
1600	3256
1601	2241
1602	3798
1603	3068
1604	1066
1605	3263
1606	231
1607	3175
1608	3164
1609	1859
1610	460
1611	1239
1612	3995
1613	2997
1614	3544
1615	2628
1616	2859
1617	43
1618	1953
1619	269
1620	1618
1621	3697
1622	4059
1623	2389
1624	769
1625	2819
1626	3060
1627	2808
1628	142
1629	790
1630	3198
1631	2875
1632	3965
1633	3931
1634	2855
1635	2591
1636	3892
1637	1479
1638	3547
1639	511
1640	2125
1641	3866
1642	3369
1643	2869
1644	1752
1645	3171
1646	3236
1647	968
1648	392
1649	3975
1650	2821
1651	2601
1652	782
1653	2796
1654	1357
1655	1850
1656	2834
1657	4004
1658	3154
1659	397
1660	1876
1661	3468
1662	2628
1663	3939
1664	3158
1665	2595
1666	2066
1667	487
1668	2188
1669	3368
1670	1772
1671	4024
1672	1156
1673	1461
1674	3462
1675	2947
1676	3595
1677	2014
1678	2898
1679	713
1680	2258
1681	3824
1682	3292
1683	1436
1684	3006
1685	2039
1686	3888
1687	248
1688	516
1689	1176
1690	1453
1691	1714
1692	2091
1693	324
1694	1043
1695	1946
1696	2286
1697	148
1698	2474
1699	828
1700	113
1701	1750
1702	2609
1703	1174
1704	1624
1705	3679
1706	1208
1707	457
1708	2735
1709	417
1710	2458
1711	3782
1712	1567
1713	2633
1714	2387
1715	1542
1716	933
1717	897
1718	586
1719	2010
1720	3874
1721	1113
1722	2019
1723	3847
1724	3992
1725	449
1726	2217
1727	2519
1728	2557
1729	1335
1730	2615
1731	2204
1732	4090
1733	3598
1734	2522
1735	1980
1736	3925
1737	3055
1738	2367
1739	2878
1740	1922
1741	3469
1742	2913
1743	3881
1744	3020
1745	2050
1746	2727
1747	2745
1748	3300
1749	651
1750	1125
1751	3930
1752	913
1753	1166
1754	1487
1755	109
1756	365
1757	3829
1758	3060
1759	288
1760	465
1761	3876
1762	3099
1763	891
1764	1140
1765	935
1766	1911
1767	753
1768	2331
1769	3855
1770	1950
1771	3855
1772	3703
1773	2874
1774	1722
1775	1136
1776	2348
1777	159
1778	1133
1779	3434
1780	3972
1781	1529
1782	3969
1783	1393
1784	1111
1785	2902
1786	1284
1787	3350
1788	2927
1789	24
1790	509
1791	1405
1792	2850
1793	402
1794	2179
1795	3386
1796	3097
1797	2928
1798	2327
1799	2742
1800	1928
1801	1163
1802	2687
1803	3516
1804	3580
1805	607
1806	1460
1807	236
1808	2696
1809	2127
1810	4008
1811	2152
1812	1487
1813	644
1814	723
1815	3188
1816	3753
1817	2212
1818	2143
1819	2343
1820	1852
1821	922
1822	415
1823	1909
1824	2110
1825	2418
1826	741
1827	1196
1828	3089
1829	169
1830	45
1831	3055
1832	2356
1833	2997
1834	422
1835	3835
1836	402
1837	2115
1838	1013
1839	2305
1840	368
1841	660
1842	4020
1843	3437
1844	1534
1845	942
1846	2461
1847	3714
1848	3735
1849	2984
1850	3421
1851	741
1852	911
1853	3102
1854	1803
1855	1828
1856	3710
1857	2340
1858	2385
1859	39
1860	1983
1861	2425
1862	2640
1863	1813
1864	3647
1865	3293
1866	4023
1867	1586
1868	1455
1869	1607
1870	48
1871	779
1872	3414
1873	2042
1874	2048
1875	1269
1876	297
1877	460
1878	4043
1879	641
1880	4085
1881	3151
1882	1101
1883	1403
1884	3273
1885	647
1886	3617
1887	3807
1888	1549
1889	2608
1890	2453
1891	3114
1892	360
1893	393
1894	961
1895	256
1896	3432
1897	1996
1898	1737
1899	1409
1900	3832
1901	2424
1902	2395
1903	3777
1904	3205
1905	1498
1906	2707
1907	3630
1908	3995
1909	801
1910	3180
1911	2736
1912	426
1913	199
1914	2889
1915	3650
1916	3282
1917	1300
1918	3221
1919	2398
1920	1537
1921	3355
1922	809
1923	3729
1924	3105
1925	928
1926	969
1927	316
1928	3965
1929	606
1930	3022
1931	1877
1932	3265
1933	819
1934	4037
1935	3122
1936	3419
1937	58
1938	1895
1939	1908
1940	614
1941	4
1942	2543
1943	1216
1944	824
1945	1823
1946	1030
1947	3239
1948	2627
1949	2959
1950	1000
1951	2953
1952	1221
1953	3904
1954	3570
1955	1623
1956	1810
1957	2644
1958	2787
1959	1517
1960	2323
1961	3873
1962	2243
1963	1688
1964	3817
1965	734
1966	497
1967	2640
1968	2008
1969	3498
1970	1168
1971	1881
1972	589
1973	539
1974	1079
1975	902
1976	1196
1977	2803
1978	3180
1979	1180
1980	3815
1981	2187
1982	810
1983	2498
1984	1225
1985	3781
1986	3539
1987	4081
1988	2568
1989	4046
1990	2741
1991	1350
1992	2710
1993	1035
1994	1465
1995	3424
1996	1788
1997	171
1998	3398
1999	1286
2000	1924
2001	1346
2002	1849
2003	3655
2004	1022
2005	1702
2006	1152
2007	2615
2008	197
2009	3876
2010	520
2011	2961
2012	3464
2013	4015
2014	149
2015	202
2016	1428
2017	1174
2018	2830
2019	1575
2020	2902
2021	1176
2022	4060
2023	1171
2024	3743
2025	2363
2026	165
2027	576
2028	3238
2029	366
2030	2697
2031	2792
2032	3478
2033	1704
2034	1381
2035	2216
2036	2463
2037	3028
2038	783
2039	312
2040	2435
2041	930
2042	2116
2043	2061
2044	3850
2045	2322
2046	755
2047	2610
2048	274
2049	3190
2050	1904
2051	1939
2052	1800
2053	1409
2054	1415
2055	3272
2056	3748
2057	1996
2058	3083
2059	3095
2060	3456
2061	2942
2062	3637
2063	614
2064	891
2065	1060
2066	2191
2067	2467
2068	2464
2069	301
2070	1719
2071	3193
2072	3827
2073	3918
2074	2424
2075	3015
2076	3803
2077	2477
2078	723
2079	1121
2080	3394
2081	797
2082	2138
2083	2207
2084	3937
2085	2188
2086	2784
2087	1199
2088	1524
2089	187
2090	3181
2091	1153
2092	30
2093	1202
2094	1169
2095	1695
2096	1443
2097	1738
2098	2317
2099	1642
2100	748
2101	783
2102	2601
2103	2920
2104	2132
2105	1500
2106	2752
2107	90
2108	3762
2109	2259
2110	2960
2111	1567
2112	2603
2113	618
2114	3465
2115	2585
2116	3762
2117	2289
2118	584
2119	2198
2120	2813
2121	982
2122	3215
2123	203
2124	634
2125	350
2126	416
2127	946
2128	3741
2129	1201
2130	2639
2131	2579
2132	1634
2133	2356
2134	3864
2135	2665
2136	1934
2137	469
2138	2738
2139	3718
2140	2456
2141	2752
2142	1064
2143	1472
2144	1060
2145	926
2146	3261
2147	3163
2148	629
2149	2610
2150	609
2151	1950
2152	1776
2153	3779
2154	148
2155	2423
2156	2983
2157	3182
2158	3302
2159	2734
2160	2702
2161	313
2162	4064
2163	2567
2164	3479
2165	74
2166	1836
2167	3563
2168	3826
2169	2721
2170	721
2171	2043
2172	3659
2173	2103
2174	2021
2175	3022
2176	621
2177	4013
2178	2598
2179	1788
2180	1990
2181	2613
2182	233
2183	3721
2184	932
2185	3088
2186	4054
2187	2142
2188	2264
2189	135
2190	239
2191	1291
2192	2793
2193	3939
2194	836
2195	763
2196	1786
2197	1694
2198	2756
2199	3839
2200	335
2201	3742
2202	993
2203	3006
2204	2280
2205	2863
2206	1742
2207	2382
2208	2579
2209	1438
2210	1445
2211	3347
2212	287
2213	2684
2214	3941
2215	2085
2216	2008
2217	2649
2218	3496
2219	1358
2220	3506
2221	2625
2222	1712
2223	4019
2224	645
2225	3639
2226	672
2227	1664
2228	3895
2229	982
2230	1416
2231	395
2232	1111
2233	2384
2234	1280
2235	3352
2236	1000
2237	2192
2238	1523
2239	2455
2240	3372
2241	3834
2242	1247
2243	1553
2244	3436
2245	2147
2246	410
2247	2879
2248	2493
2249	887
2250	2254
2251	2377
2252	4087
2253	2917
2254	1208
2255	1437
2256	504
2257	1853
2258	47
2259	285
2260	4081
2261	952
2262	205
2263	3080
2264	3408
2265	3481
2266	3474
2267	1302
2268	2162
2269	3836
2270	1921
2271	1962
2272	3675
2273	2632
2274	539
2275	797
2276	2157
2277	3184
2278	1498
2279	3630
2280	4048
2281	3017
2282	2524
2283	74
2284	1658
2285	1866
2286	2605
2287	502
2288	3146
2289	1795
2290	2705
2291	249
2292	3024
2293	3075
2294	969
2295	2254
2296	24
2297	3079
2298	513
2299	1686
2300	1525
2301	693
2302	680
2303	3887
2304	171
2305	928
2306	2036
2307	2320
2308	3172
2309	2232
2310	1819
2311	2018
2312	2054
2313	386
2314	2133
2315	414
2316	865
2317	53
2318	3480
2319	477
2320	3056
2321	1970
2322	1500
2323	1308
2324	4053
2325	1373
2326	399
2327	2290
2328	2171
2329	3371
2330	2887
2331	3309
2332	2326
2333	3713
2334	853
2335	240
2336	2996
2337	843
2338	473
2339	1778
2340	3357
2341	3659
2342	231
2343	1682
2344	3401
2345	1037
2346	3744
2347	1740
2348	447
2349	3534
2350	1929
2351	3500
2352	35
2353	1466
2354	3467
2355	3383
2356	520
2357	3907
2358	3307
2359	182
2360	1492
2361	2057
2362	329
2363	3347
2364	2541
2365	429
2366	2485
2367	748
2368	3090
2369	2668
2370	2398
2371	277
2372	1081
2373	441
2374	3345
2375	1003
2376	835
2377	2948
2378	1231
2379	2316
2380	3704
2381	1192
2382	257
2383	466
2384	2680
2385	1669
2386	1845
2387	515
2388	1390
2389	1819
2390	2557
2391	1415
2392	259
2393	3216
2394	10
2395	355
2396	2456
2397	792
2398	397
2399	1019
2400	2097
2401	1477
2402	2141
2403	2226
2404	1750
2405	1700
2406	836
2407	3804
2408	122
2409	2093
2410	2608
2411	3409
2412	1142
2413	1750
2414	3506
2415	3901
2416	1236
2417	2368
2418	3602
2419	3625
2420	2902
2421	2633
2422	1455
2423	1416
2424	1198
2425	2596
2426	3999
2427	2031
2428	1807
2429	336
2430	2402
2431	2818
2432	353
2433	3715
2434	2021
2435	2084
2436	3195
2437	2651
2438	603
2439	743
2440	3770
2441	531
2442	1462
2443	1762
2444	1071
2445	1421
2446	2577
2447	2901
2448	1963
2449	2480
2450	3928
2451	4037
2452	2546
2453	2904
2454	2808
2455	182
2456	4055
2457	2621
2458	1796
2459	2906
2460	859
2461	1982
2462	365
2463	2478
2464	2364
2465	288
2466	1021
2467	2984
2468	3931
2469	1427
2470	2956
2471	1291
2472	2515
2473	165
2474	1322
2475	2173
2476	3707
2477	3035
2478	1326
2479	1925
2480	2189
2481	3358
2482	3939
2483	2666
2484	61
2485	564
2486	3566
2487	2960
2488	2749
2489	1807
2490	434
2491	3662
2492	3342
2493	232
2494	2658
2495	2766
2496	866
2497	591
2498	3122
2499	3761
2500	3563
2501	3363
2502	1892
2503	3640
2504	1185
2505	620
2506	818
2507	3094
2508	2747
2509	2669
2510	3688
2511	2135
2512	2316
2513	329
2514	4011
2515	453
2516	3897
2517	3954
2518	1190
2519	857
2520	1556
2521	1607
2522	15
2523	376
2524	2835
2525	3511
2526	3082
2527	1072
2528	2943
2529	2556
2530	2298
2531	1486
2532	1468
2533	2517
2534	3217
2535	2903
2536	3182
2537	3274
2538	3109
2539	2330
2540	75
2541	3171
2542	3818
2543	1051
2544	3556
2545	1390
2546	3471
2547	1219
2548	119
2549	2733
2550	1516
2551	3043
2552	3202
2553	4053
2554	2732
2555	3099
2556	3786
2557	2522
2558	2982
2559	1047
2560	1952
2561	3165
2562	3555
2563	3357
2564	4021
2565	3914
2566	123
2567	2782
2568	662
2569	3027
2570	2477
2571	329
2572	2891
2573	3382
2574	1784
2575	292
2576	1662
2577	1377
2578	493
2579	341
2580	497
2581	1000
2582	1472
2583	3826
2584	3707
2585	2247
2586	76
2587	3888
2588	1399
2589	1330
2590	2598
2591	570
2592	3809
2593	2319
2594	150
2595	848
2596	1422
2597	2539
2598	2480
2599	4087
2600	1160
2601	2603
2602	3392
2603	3101
2604	1203
2605	1963
2606	1808
2607	2962
2608	3266
2609	3765
2610	2442
2611	2227
2612	3891
2613	14
2614	1966
2615	1317
2616	91
2617	2612
2618	1734
2619	2833
2620	256
2621	2634
2622	561
2623	3157
2624	3163
2625	2117
2626	3235
2627	2368
2628	2212
2629	3047
2630	3104
2631	822
2632	2576
2633	2301
2634	354
2635	2245
2636	1464
2637	1499
2638	3289
2639	2730
2640	1331
2641	2030
2642	3660
2643	3135
2644	4052
2645	2168
2646	3819
2647	118
2648	739
2649	3130
2650	1714
2651	4034
2652	4088
2653	2540
2654	3580
2655	1617
2656	1654
2657	3593
2658	3111
2659	3602
2660	539
2661	325
2662	1829
2663	2272
2664	497
2665	4089
2666	2490
2667	3754
2668	3717
2669	2629
2670	3039
2671	3521
2672	1887
2673	463
2674	2370
2675	2799
2676	834
2677	1414
2678	1102
2679	75
2680	3575
2681	3332
2682	2527
2683	4025
2684	3328
2685	954
2686	3311
2687	1519
2688	633
2689	2954
2690	3384
2691	4074
2692	1104
2693	777
2694	3424
2695	1217
2696	1237
2697	3438
2698	2550
2699	1162
2700	2107
2701	2552
2702	2595
2703	2232
2704	1696
2705	2732
2706	1403
2707	1863
2708	472
2709	3146
2710	2571
2711	1805
2712	1458
2713	3049
2714	1192
2715	3394
2716	3443
2717	984
2718	284
2719	529
2720	3189
2721	1659
2722	3113
2723	2354
2724	1433
2725	352
2726	3681
2727	911
2728	1666
2729	3687
2730	2947
2731	1563
2732	2637
2733	4033
2734	2169
2735	2051
2736	813
2737	3026
2738	2993
2739	3561
2740	2892
2741	1853
2742	1357
2743	2400
2744	458
2745	152
2746	522
2747	2671
2748	1890
2749	3505
2750	3206
2751	3461
2752	2941
2753	3715
2754	2714
2755	618
2756	3161
2757	3300
2758	2595
2759	486
2760	3436
2761	1761
2762	2572
2763	73
2764	2849
2765	120
2766	3769
2767	1093
2768	2934
2769	2303
2770	3777
2771	1198
2772	2661
2773	527
2774	1428
2775	3800
2776	3912
2777	1613
2778	2710
2779	919
2780	1765
2781	3005
2782	1591
2783	1390
2784	2602
2785	2234
2786	2903
2787	142
2788	1119
2789	1773
2790	1625
2791	2249
2792	2190
2793	527
2794	3796
2795	3069
2796	1030
2797	2127
2798	955
2799	3452
2800	1494
2801	2540
2802	244
2803	2643
2804	1542
2805	119
2806	489
2807	3148
2808	1156
2809	805
2810	3625
2811	3177
2812	2742
2813	3169
2814	3880
2815	2865
2816	2936
2817	2363
2818	2826
2819	2061
2820	1432
2821	241
2822	3459
2823	1978
2824	2965
2825	683
2826	726
2827	3953
2828	124
2829	2361
2830	2341
2831	1462
2832	2705
2833	1500
2834	2579
2835	3767
2836	1929
2837	2086
2838	993
2839	4018
2840	3965
2841	881
2842	2170
2843	1928
2844	32
2845	990
2846	3832
2847	505
2848	1002
2849	704
2850	3514
2851	3142
2852	1044
2853	758
2854	4064
2855	1120
2856	2396
2857	2906
2858	4029
2859	3613
2860	202
2861	609
2862	782
2863	863
2864	1575
2865	2382
2866	1626
2867	2979
2868	3687
2869	1465
2870	2160
2871	1425
2872	1663
2873	293
2874	2169
2875	187
2876	1596
2877	2889
2878	110
2879	1995
2880	3841
2881	1109
2882	2335
2883	934
2884	338
2885	275
2886	3616
2887	1981
2888	1208
2889	1823
2890	1961
2891	3883
2892	2014
2893	2221
2894	872
2895	796
2896	3054
2897	3497
2898	1571
2899	1578
2900	2351
2901	1219
2902	3721
2903	4089
2904	783
2905	3925
2906	634
2907	436
2908	127
2909	1181
2910	1494
2911	548
2912	2312
2913	3347
2914	960
2915	2114
2916	1767
2917	2047
2918	1526
2919	247
2920	3988
2921	2525
2922	3008
2923	644
2924	3211
2925	2131
2926	320
2927	305
2928	265
2929	2829
2930	1661
2931	149
2932	3030
2933	746
2934	2963
2935	1815
2936	3895
2937	442
2938	1327
2939	2391
2940	151
2941	3030
2942	3364
2943	1583
2944	1319
2945	3571
2946	226
2947	3345
2948	620
2949	2232
2950	2160
2951	1447
2952	92
2953	239
2954	2454
2955	3171
2956	1542
2957	1921
2958	973
2959	639
2960	1952
2961	3107
2962	2679
2963	1244
2964	2892
2965	1549
2966	3502
2967	2894
2968	3349
2969	2133
2970	2426
2971	3489
2972	3993
2973	3359
2974	3051
2975	1157
2976	1995
2977	426
2978	333
2979	4018
2980	2755
2981	2861
2982	545
2983	1990
2984	1465
2985	3012
2986	1887
2987	3968
2988	3011
2989	525
2990	2385
2991	1291
2992	629
2993	3079
2994	3411
2995	4020
2996	1638
2997	3454
2998	958
2999	233
3000	191
3001	1812
3002	1285
3003	19
3004	3712
3005	2061
3006	2851
3007	127
3008	3426
3009	664
3010	217
3011	3768
3012	1700
3013	3
3014	3355
3015	2338
3016	155
3017	1175
3018	1783
3019	3528
3020	149
3021	1600
3022	450
3023	28
3024	2240
3025	1599
3026	1402
3027	1068
3028	1049
3029	1609
3030	854
3031	3416
3032	1144
3033	398
3034	1969
3035	3257
3036	1527
3037	2032
3038	2755
3039	2841
3040	1373
3041	1740
3042	2259
3043	3224
3044	3202
3045	2405
3046	1211
3047	1120
3048	3224
3049	304
3050	1971
3051	1958
3052	298
3053	2727
3054	1357
3055	3041
3056	612
3057	196
3058	69
3059	4056
3060	3844
3061	2705
3062	1127
3063	3582
3064	3890
3065	722
3066	3025
3067	2992
3068	3450
3069	2348
3070	1314
3071	2406
3072	2444
3073	2572
3074	3878
3075	1813
3076	956
3077	745
3078	838
3079	919
3080	3733
3081	954
3082	3849
3083	471
3084	3527
3085	1272
3086	3749
3087	2222
3088	1128
3089	2067
3090	3733
3091	1934
3092	1606
3093	1014
3094	2751
3095	143
3096	1380
3097	2364
3098	313
3099	3410
3100	451
3101	936
3102	2611
3103	3726
3104	2499
3105	3578
3106	2659
3107	2888
3108	3872
3109	121
3110	333
3111	3187
3112	449
3113	928
3114	0
3115	2519
3116	1897
3117	2571
3118	285
3119	3524
3120	1482
3121	1373
3122	2622
3123	1199
3124	2990
3125	2322
3126	1379
3127	1275
3128	3113
3129	3688
3130	2840
3131	2266
3132	648
3133	588
3134	2698
3135	354
3136	979
3137	2112
3138	655
3139	3637
3140	2232
3141	3164
3142	3821
3143	2541
3144	2787
3145	1673
3146	2427
3147	214
3148	2082
3149	3803
3150	670
3151	1965
3152	1183
3153	1719
3154	3134
3155	2825
3156	1836
3157	3579
3158	2989
3159	245
3160	1723
3161	805
3162	2215
3163	1455
3164	3973
3165	3981
3166	2608
3167	1406
3168	4049
3169	1744
3170	1730
3171	493
3172	1777
3173	3138
3174	3802
3175	2959
3176	2549
3177	338
3178	840
3179	1346
3180	3794
3181	669
3182	349
3183	3623
3184	898
3185	354
3186	3012
3187	3902
3188	1956
3189	4069
3190	63
3191	3319
3192	1582
3193	1925
3194	163
3195	1836
3196	3294
3197	3849
3198	844
3199	4094
3200	2221
3201	563
3202	3996
3203	3905
3204	777
3205	1384
3206	2870
3207	589
3208	526
3209	2344
3210	519
3211	734
3212	1579
3213	2533
3214	3440
3215	2456
3216	1875
3217	1575
3218	3597
3219	1473
3220	2305
3221	962
3222	454
3223	742
3224	907
3225	1782
3226	1948
3227	774
3228	1740
3229	3127
3230	154
3231	4027
3232	2331
3233	1512
3234	1662
3235	3084
3236	2260
3237	1994
3238	3134
3239	744
3240	3999
3241	3239
3242	2527
3243	362
3244	3851
3245	733
3246	3627
3247	34
3248	3399
3249	4024
3250	3848
3251	613
3252	1954
3253	4
3254	398
3255	1598
3256	3120
3257	113
3258	2322
3259	2616
3260	3224
3261	1570
3262	1970
3263	288
3264	1226
3265	1749
3266	2469
3267	1534
3268	1992
3269	2142
3270	2243
3271	1512
3272	1281
3273	3343
3274	2050
3275	2525
3276	1563
3277	2692
3278	2894
3279	563
3280	329
3281	811
3282	2771
3283	118
3284	2319
3285	2400
3286	2017
3287	3538
3288	2179
3289	688
3290	2910
3291	3204
3292	2795
3293	55
3294	2844
3295	1421
3296	1515
3297	4033
3298	1280
3299	2569
3300	3430
3301	622
3302	2167
3303	3358
3304	1353
3305	3976
3306	2816
3307	2603
3308	3275
3309	2826
3310	515
3311	3767
3312	3240
3313	2688
3314	4095
3315	2918
3316	523
3317	2729
3318	3646
3319	1815
3320	1271
3321	1146
3322	1649
3323	3717
3324	3436
3325	33
3326	3127
3327	1607
3328	1803
3329	3049
3330	2025
3331	80
3332	230
3333	2034
3334	7
3335	1724
3336	1404
3337	3698
3338	497
3339	3997
3340	3475
3341	2866
3342	3503
3343	1742
3344	1302
3345	313
3346	684
3347	10
3348	486
3349	4025
3350	1881
3351	2823
3352	1378
3353	257
3354	1379
3355	2639
3356	4010
3357	184
3358	1268
3359	2811
3360	310
3361	1950
3362	4001
3363	1196
3364	2106
3365	2309
3366	3842
3367	1531
3368	3080
3369	714
3370	2658
3371	4026
3372	907
3373	1736
3374	3213
3375	2326
3376	1018
3377	2815
3378	2160
3379	3685
3380	2856
3381	2923
3382	3311
3383	3208
3384	2714
3385	77
3386	2764
3387	667
3388	1374
3389	509
3390	343
3391	3025
3392	1653
3393	3824
3394	3745
3395	961
3396	3680
3397	2659
3398	1947
3399	2386
3400	1676
3401	3488
3402	1311
3403	1985
3404	3407
3405	2084
3406	2081
3407	3209
3408	3597
3409	3162
3410	1297
3411	1029
3412	398
3413	163
3414	2919
3415	2163
3416	624
3417	946
3418	4080
3419	141
3420	502
3421	3621
3422	209
3423	1803
3424	142
3425	625
3426	2237
3427	1187
3428	773
3429	766
3430	2090
3431	1596
3432	3577
3433	2452
3434	2503
3435	2732
3436	823
3437	2754
3438	2418
3439	737
3440	844
3441	3451
3442	13
3443	1774
3444	1361
3445	1639
3446	837
3447	3864
3448	2544
3449	3683
3450	1728
3451	1023
3452	1909
3453	3003
3454	1893
3455	573
3456	3108
3457	2564
3458	3090
3459	1798
3460	2933
3461	2204
3462	3728
3463	651
3464	250
3465	3181
3466	303
3467	1488
3468	2267
3469	3814
3470	285
3471	2712
3472	3894
3473	3853
3474	2800
3475	2329
3476	959
3477	3851
3478	2159
3479	3943
3480	2546
3481	518
3482	1699
3483	3685
3484	1181
3485	1226
3486	1696
3487	3849
3488	2072
3489	3514
3490	3785
3491	3591
3492	3293
3493	906
3494	3420
3495	850
3496	3249
3497	188
3498	3735
3499	1019
3500	488
3501	1616
3502	2865
3503	2158
3504	349
3505	2338
3506	130
3507	3195
3508	1320
3509	2660
3510	1852
3511	2965
3512	1541
3513	1890
3514	3093
3515	59
3516	2671
3517	2841
3518	1631
3519	2931
3520	322
3521	3266
3522	2470
3523	3966
3524	2011
3525	347
3526	2759
3527	2394
3528	3010
3529	3984
3530	4015
3531	1846
3532	583
3533	516
3534	1758
3535	134
3536	1604
3537	3113
3538	1212
3539	4006
3540	19
3541	2841
3542	1882
3543	3935
3544	1435
3545	2845
3546	783
3547	261
3548	250
3549	380
3550	1381
3551	1479
3552	636
3553	2667
3554	1896
3555	4065
3556	3426
3557	3771
3558	382
3559	808
3560	943
3561	564
3562	2925
3563	263
3564	402
3565	2330
3566	2547
3567	1806
3568	2190
3569	3057
3570	3473
3571	2804
3572	2507
3573	1780
3574	1148
3575	4054
3576	3984
3577	1664
3578	1099
3579	2529
3580	884
3581	556
3582	2497
3583	3077
3584	246
3585	2349
3586	251
3587	698
3588	1261
3589	82
3590	2879
3591	3218
3592	2182
3593	1034
3594	1967
3595	329
3596	2521
3597	170
3598	2096
3599	122
3600	643
3601	3270
3602	3205
3603	1599
3604	3129
3605	2642
3606	1252
3607	3263
3608	4095
3609	3163
3610	3401
3611	2725
3612	2990
3613	2617
3614	2314
3615	3816
3616	3295
3617	3022
3618	3704
3619	1963
3620	3067
3621	687
3622	3392
3623	998
3624	3799
3625	3176
3626	3506
3627	922
3628	2490
3629	3259
3630	1632
3631	2383
3632	2009
3633	2707
3634	284
3635	3892
3636	2313
3637	1688
3638	1453
3639	2944
3640	99
3641	487
3642	2867
3643	401
3644	1228
3645	518
3646	92
3647	115
3648	3676
3649	1167
3650	1272
3651	3073
3652	1766
3653	2382
3654	3694
3655	3234
3656	1028
3657	2189
3658	1364
3659	844
3660	453
3661	588
3662	329
3663	3452
3664	4053
3665	541
3666	3081
3667	2090
3668	555
3669	959
3670	1270
3671	927
3672	2573
3673	3018
3674	131
3675	3469
3676	3412
3677	2769
3678	1079
3679	1563
3680	1746
3681	2666
3682	2352
3683	2263
3684	2819
3685	1194
3686	3954
3687	1973
3688	1243
3689	3492
3690	3883
3691	3569
3692	1326
3693	615
3694	111
3695	1858
3696	1982
3697	1096
3698	2880
3699	1936
3700	3988
3701	3305
3702	461
3703	1229
3704	2788
3705	1820
3706	3458
3707	762
3708	143
3709	2393
3710	35
3711	1648
3712	3705
3713	3170
3714	3813
3715	1488
3716	2578
3717	1882
3718	3218
3719	2397
3720	2693
3721	2776
3722	1385
3723	3186
3724	1499
3725	1607
3726	3226
3727	3508
3728	1436
3729	2926
3730	1736
3731	4073
3732	2656
3733	15
3734	2550
3735	3720
3736	1149
3737	1665
3738	921
3739	2837
3740	3889
3741	1413
3742	3622
3743	2663
3744	1608
3745	2787
3746	3372
3747	2130
3748	1794
3749	580
3750	342
3751	1155
3752	1468
3753	887
3754	2959
3755	2744
3756	947
3757	1166
3758	574
3759	2747
3760	834
3761	2760
3762	1640
3763	2137
3764	1334
3765	2230
3766	3454
3767	329
3768	3451
3769	2909
3770	2917
3771	1505
3772	3933
3773	1824
3774	3594
3775	2598
3776	1580
3777	3888
3778	3962
3779	1891
3780	3073
3781	4064
3782	1543
3783	957
3784	89
3785	2339
3786	1271
3787	1509
3788	1859
3789	1926
3790	1955
3791	181
3792	2485
3793	4067
3794	2075
3795	3517
3796	2564
3797	3515
3798	28
3799	318
3800	3399
3801	772
3802	1451
3803	1708
3804	3053
3805	1964
3806	1140
3807	3434
3808	3979
3809	2273
3810	2949
3811	3079
3812	2527
3813	1670
3814	3831
3815	1992
3816	3377
3817	3609
3818	2591
3819	2327
3820	4026
3821	3198
3822	3814
3823	1947
3824	1240
3825	3624
3826	3933
3827	1117
3828	1286
3829	2602
3830	99
3831	670
3832	2574
3833	12
3834	3858
3835	800
3836	2834
3837	314
3838	2510
3839	1912
3840	3108
3841	2422
3842	1013
3843	1591
3844	2237
3845	2513
3846	1435
3847	935
3848	3649
3849	1919
3850	1240
3851	200
3852	3113
3853	1063
3854	3017
3855	2493
3856	1899
3857	3188
3858	1347
3859	549
3860	1316
3861	2347
3862	3271
3863	1920
3864	280
3865	1960
3866	3758
3867	3294
3868	1090
3869	602
3870	247
3871	1695
3872	302
3873	1523
3874	4067
3875	3685
3876	531
3877	784
3878	889
3879	3655
3880	2343
3881	1997
3882	2867
3883	3246
3884	2074
3885	3085
3886	1357
3887	2061
3888	1884
3889	3261
3890	353
3891	2417
3892	2458
3893	3316
3894	3693
3895	1872
3896	363
3897	2832
3898	1887
3899	3505
3900	3445
3901	3862
3902	3537
3903	3914
3904	3797
3905	1679
3906	3885
3907	2958
3908	3068
3909	2248
3910	1760
3911	433
3912	493
3913	2363
3914	329
3915	2107
3916	887
3917	2332
3918	2854
3919	3576
3920	2663
3921	1483
3922	900
3923	3178
3924	1261
3925	2266
3926	464
3927	1995
3928	192
3929	1277
3930	1023
3931	3665
3932	1972
3933	1794
3934	914
3935	2722
3936	1025
3937	3188
3938	915
3939	1505
3940	3550
3941	3393
3942	2418
3943	4055
3944	1067
3945	70
3946	2513
3947	414
3948	3516
3949	2869
3950	1784
3951	3281
3952	2820
3953	1791
3954	1595
3955	241
3956	3388
3957	1636
3958	1329
3959	3978
3960	709
3961	822
3962	1625
3963	4013
3964	755
3965	2132
3966	750
3967	193
3968	3691
3969	1423
3970	1706
3971	3569
3972	1622
3973	3117
3974	129
3975	1250
3976	617
3977	3654
3978	3458
3979	1889
3980	3204
3981	466
3982	355
3983	1736
3984	3497
3985	3625
3986	561
3987	3357
3988	469
3989	3448
3990	1245
3991	2596
3992	2736
3993	1066
3994	250
3995	3793
3996	324
3997	2072
3998	10
3999	1651
4000	3847
4001	1646
4002	1178
4003	124
4004	2685
4005	3924
4006	3896
4007	3873
4008	996
4009	3084
4010	326
4011	1163
4012	1365
4013	2494
4014	741
4015	378
4016	3670
4017	1904
4018	2642
4019	1092
4020	3615
4021	1940
4022	3388
4023	1497
4024	3876
4025	155
4026	975
4027	2897
4028	335
4029	1896
4030	2118
4031	1674
4032	2748
4033	558
4034	947
4035	3769
4036	1656
4037	601
4038	663
4039	1144
4040	2195
4041	1176
4042	835
4043	863
4044	717
4045	3030
4046	2183
4047	2053
4048	3705
4049	3913
4050	2247
4051	3228
4052	470
4053	1554
4054	2743
4055	724
4056	2148
4057	2391
4058	908
4059	2126
4060	2083
4061	3514
4062	4053
4063	3772
4064	3945
4065	2174
4066	200
4067	836
4068	1882
4069	3465
4070	3899
4071	3434
4072	2950
4073	2012
4074	1712
4075	3744
4076	3349
4077	1248
4078	1115
4079	1206
4080	2842
4081	3709
4082	1212
4083	1378
4084	1682
4085	905
4086	3945
4087	3062
4088	215
4089	265
4090	1007
4091	3
4092	596
4093	63
4094	3869
4095	2074
